nonself
aiA,Borys Lang,Attack Helicopter,manymagpie,moonmoth,user
0,0.3333333333333333,0.3333333333333333,0.3333333333333333,Borys Lang
1,1.0,0.0,0.0,Attack Helicopter
2,1.0,0.0,0.0,Borys Lang
3,1.0,0.0,0.0,Attack Helicopter
4,1.0,0.0,0.0,Borys Lang
5,0.329998002503953,0.6700019974960469,0.0,manymagpie
6,0.6303543541389732,0.3696456458610268,0.0,Attack Helicopter
7,0.8158236956690318,0.18417630433096818,0.0,Borys Lang
8,0.46566388531535896,0.5343361146846409,0.0,Attack Helicopter
9,0.6114961878453364,0.38850381215466345,0.0,Borys Lang
10,0.5802055405776437,0.41979445942235627,0.0,Attack Helicopter
11,0.31708863201582155,0.6829113679841785,0.0,manymagpie
12,0.6437030075558942,0.3562969924441057,0.0,manymagpie
13,0.5712481804974505,0.4287518195025495,0.0,Borys Lang
14,0.2780362826482112,0.7219637173517888,0.0,manymagpie
15,0.6973631945318635,0.3026368054681365,0.0,Borys Lang
16,0.18659467262550067,0.8134053273744992,0.0,manymagpie
17,0.4415822559843852,0.5584177440156146,0.0,Borys Lang
18,0.5350104395382257,0.4649895604617743,0.0,Attack Helicopter
19,0.9121520520028255,0.08784794799717455,0.0,manymagpie
20,0.5359015935400481,0.46409840645995193,0.0,Attack Helicopter
21,0.42603672457500713,0.5739632754249928,0.0,Borys Lang
22,0.36283329098933176,0.20196467802219698,0.4352020309884712,moonmoth
23,0.43490140202462807,0.3985131277214173,0.16658547025395454,Attack Helicopter
24,0.405357005952847,0.44652824323175644,0.14811475081539663,manymagpie
25,0.3498198988132082,0.49252828132376864,0.15765181986302318,manymagpie
26,0.35044371578834155,0.21098613486074067,0.43857014935091765,Attack Helicopter
27,0.2367431640452341,0.09714638873610308,0.6661104472186629,Borys Lang
28,0.21353285938238944,0.5322836679982269,0.25418347261938373,Attack Helicopter
29,0.3583818035191813,0.24092208353154757,0.4006961129492711,manymagpie
30,0.3040381026345673,0.3649024661996281,0.33105943116580455,Attack Helicopter
31,0.30454329206537023,0.36458661420709326,0.33087009372753645,Attack Helicopter
32,0.45251438768622865,0.09849027567316634,0.448995336640605,manymagpie
33,0.3478350975267257,0.28393617032410456,0.3682287321491698,moonmoth
34,0.5292905751068192,0.2788055365029569,0.19190388839022385,Attack Helicopter
35,0.190570550767713,0.19945034708621043,0.6099791021460765,Attack Helicopter
36,0.2160567463605944,0.2513247973780202,0.5326184562613854,Attack Helicopter
37,0.1284145479704915,0.13679509108683627,0.7347903609426722,Attack Helicopter
38,0.17720987791760168,0.17885218239664222,0.6439379396857561,Attack Helicopter
39,0.1235724469201983,0.122985723817879,0.7534418292619227,Attack Helicopter
40,0.16633152912955615,0.6562758023984029,0.17739266847204102,moonmoth
41,0.31750206547119203,0.36161792592468267,0.3208800086041254,Borys Lang
42,0.05655514772380417,0.5726884001866996,0.3707564520894961,manymagpie
43,0.343521879628142,0.23410973381851655,0.4223683865533414,Borys Lang
44,0.15405388401352382,0.4769747049230882,0.3689714110633879,Attack Helicopter
45,0.32516866892729357,0.43954636142471015,0.23528496964799633,Borys Lang
46,0.491181974323458,0.3124936381667337,0.1963243875098083,manymagpie
47,0.08469289366533155,0.11682569059726272,0.7984814157374058,Attack Helicopter
48,0.3752712009062188,0.1987796868027418,0.42594911229103943,Borys Lang
49,0.4616794553900085,0.2614386633021634,0.276881881307828,manymagpie
50,0.32202766029165275,0.24047611603541313,0.43749622367293417,Attack Helicopter
51,0.12125565767264726,0.5796233922312394,0.2991209500961133,Borys Lang
52,0.5246982234022545,0.16764182511532327,0.3076599514824222,manymagpie
53,0.5081353647978013,0.18495111959657143,0.3069135156056273,Attack Helicopter
54,0.20113824609296704,0.5774930021640269,0.22136875174300613,manymagpie
55,0.22474634415715222,0.273400732915697,0.5018529229271508,Borys Lang
56,0.2566737408523481,0.45477213934932786,0.288554119798324,manymagpie
57,0.4404192708158752,0.3483646632082403,0.21121606597588463,Borys Lang
58,0.4510329697423141,0.27569297665293035,0.2732740536047555,Borys Lang
59,0.49377160786399804,0.3083730640748371,0.19785532806116488,Borys Lang
60,0.3810862322068658,0.3673456435040226,0.25156812428911157,Attack Helicopter
61,0.52261724606477,0.2571526847003127,0.22023006923491734,manymagpie
62,0.27060006514325086,0.22055067795034275,0.5088492569064065,Attack Helicopter
63,0.19620722225292922,0.23078703533816824,0.5730057424089026,Borys Lang
64,0.34545354155839186,0.3282008802661917,0.3263455781754163,Attack Helicopter
65,0.2888894957642877,0.08025725257332085,0.6308532516623915,Attack Helicopter
66,0.4492054773327553,0.3084695141530105,0.24232500851423433,moonmoth
67,0.2652459161626511,0.21359058591826738,0.5211634979190815,manymagpie
68,0.41641440620157427,0.25714437296394793,0.32644122083447774,Attack Helicopter
69,0.2697630371625077,0.2743613854403422,0.4558755773971501,Borys Lang
70,0.09024998798845969,0.26299453194805644,0.6467554800634839,Borys Lang
71,0.4605124533041424,0.14973738367730707,0.38975016301855053,Attack Helicopter
children_devicesA,Attack Helicopter,Borys Lang,manymagpie,moonmoth,user
0,0.3333333333333333,0.3333333333333333,0.3333333333333333,Attack Helicopter
1,1.0,0.0,0.0,Borys Lang
2,1.0,0.0,0.0,Borys Lang
3,0.6736288558780763,0.32637114412192364,0.0,manymagpie
4,0.37808358499760686,0.6219164150023931,0.0,Attack Helicopter
5,0.5952957086590192,0.4047042913409809,0.0,manymagpie
6,0.6384392151078111,0.36156078489218896,0.0,Borys Lang
7,0.7230526225480283,0.2769473774519716,0.0,Borys Lang
8,0.3664856742530949,0.38712415089924124,0.24639017484766387,moonmoth
9,0.7554468738385782,0.13667182977311224,0.1078812963883095,Attack Helicopter
10,0.3365933839052952,0.17725412407983263,0.48615249201487226,Borys Lang
11,0.5981469705472962,0.16855641947665423,0.23329660997604962,Borys Lang
12,0.36088319756424836,0.3851132661805584,0.25400353625519334,manymagpie
13,0.31495450724461216,0.18396947960199997,0.5010760131533878,Borys Lang
14,0.256960306109628,0.5789533599485771,0.16408633394179492,Borys Lang
15,0.7277649274341864,0.12961084177066423,0.14262423079514933,manymagpie
16,0.3476508047461628,0.23805072884070264,0.41429846641313456,moonmoth
17,0.2753199536337793,0.30333359070812277,0.4213464556580979,Borys Lang
18,0.30429767871754043,0.3857261041132544,0.3099762171692052,manymagpie
19,0.43879069687074074,0.31794551029141743,0.24326379283784186,Borys Lang
20,0.48035593107204627,0.2264179809889081,0.2932260879390456,Attack Helicopter
21,0.29669606090091594,0.4519645872451453,0.2513393518539388,Borys Lang
22,0.2669349269600342,0.2125264163723958,0.5205386566675699,Attack Helicopter
23,0.31433307738767596,0.4707270155671812,0.21493990704514274,manymagpie
24,0.20144257948209782,0.6505895780696775,0.1479678424482246,Borys Lang
25,0.3155378259586878,0.39138841409799535,0.2930737599433168,Attack Helicopter
26,0.457037702781797,0.3496165675643129,0.1933457296538902,Borys Lang
27,0.3798983367161506,0.40296777690487856,0.21713388637897071,Attack Helicopter
28,0.6528721336633238,0.21631130306434398,0.13081656327233235,Attack Helicopter
29,0.27755431069421826,0.4448788602619284,0.2775668290438533,manymagpie
30,0.3237797186409581,0.5177341287452214,0.15848615261382057,manymagpie
31,0.38972931910097897,0.5037947272688948,0.1064759536301261,Borys Lang
32,0.2581826986577966,0.5287027924326642,0.21311450890953915,Borys Lang
33,0.32608163969948606,0.49995820147840114,0.1739601588221128,Attack Helicopter
34,0.482106253541243,0.21109213141090719,0.30680161504784975,moonmoth
35,0.33191716814742417,0.4559228306572872,0.2121600011952886,Borys Lang
36,0.4606688155097346,0.3092222183677105,0.2301089661225548,Attack Helicopter
37,0.3169341553176039,0.4301134882220189,0.2529523564603773,Attack Helicopter
38,0.18882613790520217,0.5731507614384788,0.23802310065631904,Borys Lang
39,0.2705402759080643,0.27325687645177515,0.45620284764016067,manymagpie
40,0.5302674209004818,0.1723791059261962,0.29735347317332206,Attack Helicopter
41,0.2630916417254101,0.5454200245757619,0.19148833369882803,manymagpie
42,0.4825115716956551,0.2999885205652041,0.2174999077391407,Attack Helicopter
43,0.3804109794301174,0.2504676997636245,0.36912132080625826,Borys Lang
44,0.2452892401180949,0.6282049171020493,0.12650584277985585,Borys Lang
45,0.5079395955652181,0.27596797908276227,0.21609242535201978,manymagpie
46,0.2322077891458807,0.453547312307583,0.3142448985465362,Attack Helicopter
47,0.3290027589597011,0.4867400792980577,0.18425716174224122,Borys Lang
48,0.5672547867594657,0.2807357167267017,0.1520094965138326,Attack Helicopter
49,0.32092379992448195,0.32625066084639603,0.35282553922912196,manymagpie
50,0.5125602057016769,0.3026716123089161,0.18476818198940698,Attack Helicopter
51,0.5356082851027585,0.29784428749948383,0.16654742739775752,manymagpie
52,0.3135865355523426,0.2963183157440183,0.39009514870363904,Attack Helicopter
53,0.29846096433927,0.5139824198792957,0.1875566157814342,manymagpie
54,0.2841830460821401,0.48529676068823585,0.23052019322962403,Borys Lang
55,0.14515257332699086,0.3066310287665172,0.5482163979064919,Attack Helicopter
56,0.5623808178722718,0.16460251658902664,0.27301666553870146,manymagpie
57,0.11025359035638699,0.5611148564883314,0.3286315531552816,Attack Helicopter
58,0.11256117624608229,0.6417436697949754,0.24569515395894226,Attack Helicopter
59,0.12227700365196124,0.6289636555231285,0.2487593408249104,Attack Helicopter
60,0.2749391797818113,0.5036950274405423,0.22136579277764637,Borys Lang
61,0.5593443595389905,0.32129696883727044,0.11935867162373916,Borys Lang
62,0.368353948919911,0.500633976663288,0.13101207441680088,manymagpie
63,0.2892523249250216,0.5357796362221428,0.1749680388528357,Attack Helicopter
64,0.4355810103627659,0.3151517615211709,0.2492672281160631,manymagpie
65,0.44636083886010447,0.37507307919463684,0.17856608194525864,Borys Lang
66,0.24573365340481673,0.3913478025158859,0.3629185440792974,Attack Helicopter
67,0.3091173198196012,0.5136341549453906,0.1772485252350082,Borys Lang
68,0.3726523850446453,0.3856706580240942,0.24167695693126037,Borys Lang
69,0.288282583798663,0.4891706120812742,0.22254680412006278,Attack Helicopter
70,0.24204404931547122,0.5371778161331523,0.22077813455137643,moonmoth
71,0.3690702342751735,0.38738617173118534,0.2435435939936412,manymagpie
72,0.16507406809743846,0.07974303970801737,0.7551828921945442,Attack Helicopter
73,0.6556767331029524,0.17331124982413468,0.171012017072913,Attack Helicopter
74,0.35918943383409085,0.4781992757872959,0.16261129037861316,manymagpie
75,0.35799030609472304,0.43275120976937137,0.2092584841359056,Borys Lang
76,0.2704103040571154,0.1799908549950269,0.5495988409478577,manymagpie
77,0.6450233987652519,0.15942208384777307,0.19555451738697502,manymagpie
78,0.10508540324560414,0.20522800573856506,0.6896865910158309,Attack Helicopter
79,0.5361657485583156,0.17398113211237298,0.28985311932931146,Borys Lang
80,0.33832421685273384,0.36495651293596265,0.29671927021130345,manymagpie
81,0.33530575604565616,0.3812883410476302,0.2834059029067135,manymagpie
82,0.2745875912857484,0.511017996814156,0.2143944119000955,Borys Lang
83,0.06687202130557038,0.05269049901193501,0.8804374796824945,Attack Helicopter
84,0.3903812444222681,0.131449879636348,0.47816887594138385,manymagpie
85,0.6818383189245744,0.18158829885705788,0.13657338221836784,Attack Helicopter
86,0.7478567864921271,0.14329283811419494,0.10885037539367802,Borys Lang
87,0.2860008769356608,0.3113984036297162,0.402600719434623,moonmoth
88,0.44777673511198596,0.2322836998445431,0.31993956504347093,Borys Lang
89,0.22788257628952124,0.14647957423241179,0.625637849478067,manymagpie
90,0.3030348552040699,0.2347028965846743,0.4622622482112559,moonmoth
91,0.1565891293358437,0.5042749398057055,0.33913593085845084,Attack Helicopter
92,0.344926225628202,0.4007532308437634,0.2543205435280345,Borys Lang
93,0.2866459110096491,0.5232965852289057,0.1900575037614454,manymagpie
94,0.29533982476928955,0.45377764488562367,0.2508825303450868,Borys Lang
95,0.48863963053051257,0.19604258482701342,0.31531778464247395,manymagpie
96,0.2808025833508122,0.5580933398646555,0.16110407678453229,Borys Lang
97,0.5351183570993948,0.2585157769686572,0.20636586593194786,moonmoth
98,0.4023965888861956,0.3926612704739967,0.2049421406398077,Borys Lang
ketchup_vs_mustardA,Attack Helicopter,Borys Lang,manymagpie,moonmoth,user
0,0.3333333333333333,0.3333333333333333,0.3333333333333333,Attack Helicopter
1,0.3333333333333333,0.3333333333333333,0.3333333333333333,Attack Helicopter
2,1.0,0.0,0.0,Borys Lang
3,1.0,0.0,0.0,Attack Helicopter
4,0.5199738186179406,0.48002618138205955,0.0,manymagpie
5,0.2916871777342549,0.7083128222657451,0.0,Borys Lang
6,0.4493454205201156,0.5506545794798844,0.0,Attack Helicopter
7,0.5690797057081367,0.4309202942918633,0.0,manymagpie
8,0.3821626347901447,0.6178373652098553,0.0,manymagpie
9,0.3002699469195716,0.6997300530804283,0.0,Borys Lang
10,0.7571123087248287,0.24288769127517126,0.0,manymagpie
11,0.16906210451127987,0.6956825303318371,0.13525536515688302,moonmoth
12,0.6500512867000435,0.18511113399091708,0.16483757930903942,manymagpie
13,0.35359910652396054,0.346790841855754,0.29961005162028553,manymagpie
14,0.3170849583557671,0.44476015229353255,0.23815488935070026,Attack Helicopter
15,0.312815446793327,0.38493340243242674,0.3022511507742463,Borys Lang
16,0.44774155429538887,0.3325084510238552,0.2197499946807559,manymagpie
17,0.49950913453998513,0.28897985413609695,0.21151101132391795,Attack Helicopter
18,0.3680785309030876,0.3950349255477736,0.2368865435491388,manymagpie
19,0.472544335696428,0.3148087199989042,0.21264694430466782,manymagpie
20,0.2931753605856062,0.4605447406226885,0.24627989879170525,Attack Helicopter
21,0.17826223180069228,0.2988298332479243,0.5229079349513833,Borys Lang
22,0.11125485221484108,0.717414148113023,0.1713309996721359,Attack Helicopter
23,0.21051916794902412,0.23061018484829754,0.5588706472026784,Borys Lang
24,0.22142951572433467,0.5290501286336571,0.24952035564200825,moonmoth
25,0.21549005989925796,0.26062648594225063,0.5238834541584914,Borys Lang
26,0.45354415291547623,0.294963230059915,0.2514926170246088,Attack Helicopter
27,0.21107718454983201,0.6074334386285191,0.18148937682164903,Attack Helicopter
28,0.5741861863457581,0.0950734886258362,0.3307403250284057,moonmoth
29,0.22000557680929614,0.46815693525158786,0.31183748793911603,Borys Lang
30,0.21635826965571156,0.36572497473417903,0.4179167556101093,Attack Helicopter
31,0.27873859439364246,0.4693078500023867,0.25195355560397076,manymagpie
32,0.3853731761044942,0.38159842248041465,0.2330284014150913,manymagpie
33,0.31882679556743176,0.39568280768484987,0.2854903967477183,Borys Lang
34,0.5430617465623708,0.10071010587809708,0.35622814755953214,manymagpie
35,0.3297312226623023,0.20864623372176042,0.46162254361593724,Borys Lang
36,0.17912756681183073,0.5172180443762143,0.30365438881195495,manymagpie
37,0.1849769598578138,0.559564743142542,0.2554582969996442,Borys Lang
38,0.41083831782241087,0.2606333137575319,0.3285283684200571,Borys Lang
39,0.3758543559096264,0.29135540926191905,0.3327902348284546,Borys Lang
40,0.20870322714569486,0.051709637942195984,0.7395871349121091,moonmoth
41,0.5093417217888991,0.24039363344646406,0.25026464476463683,Attack Helicopter
42,0.5731641280188754,0.2123006094859532,0.21453526249517146,manymagpie
43,0.4979600273279953,0.34423625742006686,0.15780371525193782,manymagpie
44,0.15164064542554326,0.1751764174486967,0.67318293712576,Attack Helicopter
45,0.1110068609166755,0.1247074539258217,0.7642856851575028,Attack Helicopter
46,0.2937689679503207,0.4282436565591789,0.2779873754905005,Borys Lang
47,0.12844607749347078,0.7212362820219729,0.15031764048455634,Attack Helicopter
48,0.33695553087382,0.12952487660404893,0.5335195925221311,manymagpie
49,0.054087646665325,0.32882297082023915,0.6170893825144359,Attack Helicopter
50,0.3356025201376007,0.2598781811109543,0.4045192987514451,Borys Lang
51,0.3094200304905335,0.48022917506033796,0.21035079444912844,moonmoth
52,0.047612859391558994,0.01949807218102434,0.9328890684274167,Attack Helicopter
53,0.32498867402524306,0.3364776427216957,0.33853368325306116,Borys Lang
54,0.6763788661746757,0.021023614423199624,0.30259751940212465,manymagpie
55,0.2566099441004811,0.48185582405835176,0.2615342318411671,manymagpie
56,0.14368225439976934,0.7731810118946236,0.08313673370560698,Attack Helicopter
57,0.26218812861302054,0.15596556398393635,0.5818463074030431,Attack Helicopter
58,0.24993587829019684,0.3784085561829695,0.37165556552683376,Borys Lang
59,0.5979925934003659,0.18015656613872727,0.2218508404609068,Attack Helicopter
60,0.5879802518859713,0.227235642982103,0.1847841051319258,Attack Helicopter
Mock Discussion,Gary,Ursula,Mary,Bobby,Daisy,Alex,user
0,0.2,0.2,0.2,0.2,0.2,Gary
1,1.0,0.0,0.0,0.0,0.0,Ursula
2,0.39158395562155307,0.608416044378447,0.0,0.0,0.0,Mary
3,0.4939344488603521,0.5060655511396478,0.0,0.0,0.0,Gary
4,0.1152259071120721,0.522719380990039,0.36205471189788896,0.0,0.0,Bobby
5,0.11713136718962414,0.3973542747662028,0.2513464821032784,0.2341678759408947,0.0,Daisy
6,0.17590331258924294,0.3648166893127761,0.2238667114170311,0.2354132866809498,0.0,Ursula
7,0.18838834438842444,0.4068917202206525,0.200024979138188,0.20469495625273496,0.0,Mary
8,0.10930073680100254,0.1826476420162768,0.14634395077428725,0.5617076704084334,0.0,Bobby
9,0.28366811362867733,0.4630566633111864,0.11187251169140311,0.14140271136873325,0.0,Gary
10,0.19298512431166687,0.2050522349289556,0.16749416226360456,0.4344684784957729,0.0,Bobby
11,0.3545514056601336,0.27728434111283146,0.1405814304890177,0.2275828227380173,0.0,Gary
12,0.30947016444313497,0.3546767594918238,0.13360056527108685,0.20225251079395434,0.0,Mary
13,0.24680048392002327,0.2180848658068444,0.1395272180109615,0.39558743226217075,0.0,Bobby
14,0.4064889535818299,0.22587650331616416,0.18969603781201833,0.1779385052899876,0.0,Mary
15,0.2083699198900083,0.14236375922975342,0.33326418028585914,0.3160021405943792,0.0,Ursula
16,0.19753441395598662,0.37498015466623114,0.23530859010488892,0.19217684127289336,0.0,Gary
17,0.17749078949203662,0.12205034743988724,0.35031969447665107,0.17216081295508764,0.17797835563633746,Alex
18,0.4312668861014958,0.150531619460268,0.16462185509676952,0.13048046957548098,0.12309916976598574,Bobby
19,0.15539999066220547,0.1381467507142811,0.19726904298202452,0.20665837016234107,0.3025258454791479,Bobby
20,0.18475085182078346,0.3023814091766477,0.17447192639171047,0.16081604839081237,0.17757976422004598,Daisy
21,0.46409464356988805,0.19391176130832055,0.1081482578677229,0.06962849265855486,0.16421684459551367,Mary
22,0.2940986228358257,0.11832777222937658,0.4637107021228271,0.07497965629425288,0.04888324651771761,Alex
23,0.3887828837040779,0.11917409059762867,0.11464492660967103,0.0631736436264666,0.3142244554621557,Mary
24,0.18658458156321636,0.22657481834092102,0.18318890524914716,0.1981985517524018,0.2054531430943135,Bobby
25,0.32525136302005153,0.1951927071967041,0.28191201646557784,0.10924820519127539,0.08839570812639118,Alex
26,0.2925452563594238,0.25405112822270265,0.24531617939180664,0.10831326791404991,0.099774168112017,Alex
27,0.17065116618326223,0.18561513612875122,0.13346980626293292,0.09840075177564171,0.41186313964941196,Mary
28,0.4705774299711115,0.15698299060084756,0.2066473702700036,0.08516904123291401,0.08062316792512333,Alex
29,0.3031948915075986,0.17668976857065483,0.1296407128164997,0.2077447384171522,0.18272988868809464,Gary
30,0.11950786041013862,0.198290473371108,0.14086173986272296,0.1073304540677611,0.4340094722882694,Mary
31,0.11834656463812473,0.2388281269294523,0.4208143790180687,0.12051692919052805,0.10149400022382632,Alex
32,0.32795181955534003,0.19062113497721217,0.14293915059206141,0.17830372123357457,0.16018417364181187,Bobby
33,0.15612196316153992,0.35864307430840114,0.04883082851470577,0.0756283226335303,0.3607758113818229,Gary
34,0.33443321751929495,0.22350630350370193,0.0330478666290389,0.04839357620511539,0.36061903614284885,Ursula
35,0.29671489539578055,0.2670410801705672,0.04798038615349512,0.07783981138808786,0.3104238268920692,Mary
36,0.38016299499708,0.25169758660843544,0.03304866212384335,0.05746808090766355,0.27762267536297763,Mary
37,0.20484884025435315,0.21298273230721756,0.20985759658840097,0.1320446115602046,0.2402662192898236,Bobby
38,0.1961387496292988,0.19903901379507297,0.20393881858826216,0.30752881481492816,0.09335460317243782,Alex
39,0.2223747531115505,0.2057698505580676,0.34794123889738077,0.08903794906835734,0.13487620836464373,Daisy
40,0.1553094860488565,0.22970306753941802,0.06137134630296525,0.46574769058021054,0.08786840952854957,Gary
41,0.27875081390477463,0.1430949349328495,0.18042797919188175,0.2755312179850942,0.12219505398539983,Bobby
42,0.18809495306364343,0.22250083525101147,0.13275168209061414,0.3319337730481981,0.1247187565465329,Gary
43,0.26035302443346214,0.18269311052943357,0.19654011124259135,0.1454080155776192,0.21500573821689373,Alex
44,0.2459868255260303,0.2023906613072873,0.19363893282231326,0.2111889288486832,0.14679465149568585,Bobby
45,0.18770765569006004,0.35627382241763433,0.0903292690537414,0.23796528355755228,0.12772396928101193,Mary
46,0.4024725770709907,0.1613206464048635,0.07479251579980878,0.2608216980666177,0.10059256265771928,Ursula
47,0.21267250319473185,0.20173892371734578,0.14209186769418494,0.11856379025925133,0.324932915134486,Alex
48,0.19653336947682495,0.2600348339724844,0.1038643292218204,0.26741530900022165,0.17215215832864855,Mary
49,0.16928064416988467,0.12975751372199065,0.39488469830707007,0.15157545266298317,0.1545016911380715,Gary
50,0.05791877091249115,0.10236885609360026,0.06782462828845352,0.17195314875443102,0.599934595951024,Bobby
51,0.09102319636898931,0.23678114428420788,0.2635252684298953,0.14044858157280174,0.26822180934410583,Alex
52,0.10643293847540108,0.28687032700415943,0.12112242130087464,0.19231469165862006,0.29325962156094476,Mary
53,0.08600064193774905,0.2503673936916281,0.3895164184046271,0.1005128402834506,0.1736027056825452,Daisy
54,0.16189542996076473,0.23455975028551174,0.1133178651414907,0.14884120805012474,0.3413857465621081,Gary
55,0.12024669411817193,0.2616733987877425,0.09750949234989782,0.34735375138666363,0.17321666335752414,Ursula
56,0.1718893778511531,0.21149749534002107,0.18850965876804104,0.1717565284778656,0.25634693956291915,Bobby
57,0.15197088949601686,0.30133275067446935,0.10992491515078927,0.2565835149088851,0.18018792976983936,Mary
58,0.19152919775955954,0.20700149614240218,0.14492140190699065,0.17344543269720503,0.2831024714938426,Bobby
59,0.13530516938642,0.1892771791188453,0.2531363344288585,0.13294596489232177,0.2893353521735544,Mary
60,0.09736910391280598,0.38416126700573056,0.22211952521276454,0.11151126149318834,0.18483884237551057,Alex
61,0.14350546509958695,0.23840375979362138,0.15629809657780502,0.2619514970695368,0.19984118145944982,Bobby
62,0.0864173456002478,0.17086053869293252,0.06491541226801134,0.23010642299301037,0.44770028044579807,Ursula
63,0.34610800814733994,0.17032808669246152,0.1181692872744489,0.17447111507786883,0.19092350280788065,Mary
64,0.21846852621541907,0.15261348795517726,0.3029985975637454,0.1467342882651109,0.1791851000005475,Bobby
65,0.47204257404063205,0.09716401783746022,0.23153780832414103,0.08737356785784818,0.11188203193991858,Mary
66,0.14729295310132268,0.1571869328986051,0.1906971736195219,0.25719292147377926,0.24763001890677108,Ursula
67,0.17138108711212313,0.16303273900807763,0.16413023318992473,0.23094026407975113,0.2705156766101234,Bobby
68,0.3400799420913728,0.10004013715553521,0.09842975936607924,0.19697637076377703,0.2644737906232357,Mary
69,0.13768003784328595,0.19475305623247502,0.1919561330278682,0.12898100396061343,0.34662976893575737,Daisy
70,0.12940970948805855,0.3368678808336375,0.1602174811355143,0.1651468657327519,0.20835806281003794,Alex
71,0.424376100415058,0.12473790974390181,0.11873896240244125,0.23511814871138198,0.09702887872721702,Mary
72,0.1360317437073717,0.19258884141927396,0.1495350262155979,0.16803483404309993,0.3538095546146565,Bobby
73,0.13675599838123353,0.4278473533920592,0.12303226549207086,0.19338819417428138,0.11897618856035508,Gary
74,0.6072398470180329,0.09300392703533994,0.08498177704943456,0.13306329894590985,0.08171114995128284,Mary
75,0.33760132760968886,0.30350413291788925,0.08327015574140428,0.18667762181197753,0.08894676191904007,Ursula
76,0.13813370601483932,0.1464235595741804,0.16371537114003504,0.26770475338268956,0.28402260988825573,Bobby
77,0.20556623157741066,0.30420927987214946,0.15291067097924005,0.24835264518406544,0.08896117238713429,Mary
78,0.2025574191281186,0.18166940278306837,0.32526063291671886,0.1897805420527996,0.10073200311929469,Bobby
79,0.08457893987352891,0.07329564182716652,0.12097078681237457,0.6492077015299054,0.07194692995702472,Alex
80,0.1550449694959618,0.1498254343778117,0.19856239437039788,0.25284255296280267,0.24372464879302586,Daisy
81,0.31919628315588805,0.3405014902737257,0.13767738532555185,0.06113753366735994,0.1414873075774743,Mary
82,0.16739034615849152,0.18582371639123038,0.24034437254123645,0.16798120884743262,0.238460356061609,Ursula
83,0.16297303348865325,0.24105357289587043,0.16931155232486236,0.12332617245724578,0.30333566883336827,Bobby
84,0.2278326939141541,0.10133436040624448,0.2206715993127895,0.09030639113609105,0.3598549552307208,Mary
85,0.25491826370893816,0.09467732626924123,0.3904086086015911,0.187068497123292,0.07292730429693751,Alex
86,0.15963928376674402,0.192994075282068,0.25909588898320773,0.09573911165739855,0.2925316403105818,Bobby
87,0.15679077793346183,0.1857587202695298,0.20952512392653075,0.2572016547719692,0.1907237230985084,Ursula
88,0.16916888575754452,0.15949660334872479,0.23355914674637696,0.22467886162170464,0.213096502525649,Bobby
89,0.37907224051440647,0.07741368739413898,0.10640762620472694,0.0848796093366216,0.35222683655010595,Mary
90,0.37004311493584435,0.09601351476164668,0.31404613790656744,0.11402154263782698,0.10587568975811458,Alex
91,0.4195295697412318,0.10958848438396157,0.16074052914335807,0.12700578949799352,0.18313562723345503,Mary
92,0.20060351161957904,0.1642283687750606,0.2121525091460706,0.2598276692158313,0.1631879412434585,Bobby
93,0.2874525795327751,0.1885195483007372,0.12947908816226145,0.2224518217300452,0.1720969622741811,Mary
94,0.19360151105200935,0.1277741275806673,0.3482681895523945,0.10045819704921966,0.22989797476570906,Alex
95,0.16021433157182777,0.20014143882502816,0.0867031089347731,0.24485290620181635,0.3080882144665546,Gary
96,0.15620345168824415,0.10593735161331404,0.2906477056221204,0.15817192966053004,0.2890395614157914,Bobby
97,0.13628392199059414,0.1422631129051641,0.3120237646127027,0.19952032348420676,0.2099088770073322,Daisy
98,0.20203725749899265,0.09518324020642811,0.203524977086228,0.14091322710156062,0.35834129810679066,Mary
99,0.08444447936625016,0.1565618316379267,0.44466088329121267,0.14832701882173435,0.1660057868828761,Ursula
100,0.03352335342454966,0.034367964758901366,0.04993567175504737,0.02444229078380409,0.8577307192776975,Bobby
101,0.1909213198788532,0.21088400043104535,0.22661612163596195,0.1429349912017749,0.22864356685236462,Mary
102,0.10406076116435847,0.14483336167786398,0.5203703591446632,0.09453992806460143,0.13619558994851283,Bobby
103,0.14061587018018226,0.20030674870124718,0.32074707820724235,0.11000711844461747,0.22832318446671077,Bobby
104,0.12928326911373766,0.2166162606886163,0.32334106513234506,0.1220124411755899,0.20874696388971103,Bobby
105,0.12882395590127518,0.24266911423144172,0.14257953118051622,0.2709776434961135,0.21494975519065343,Bobby
pineapple_on_pizzaA,Borys Lang,manymagpie,Attack Helicopter,moonmoth,user
0,0.3333333333333333,0.3333333333333333,0.3333333333333333,Borys Lang
1,0.3333333333333333,0.3333333333333333,0.3333333333333333,Borys Lang
2,1.0,0.0,0.0,manymagpie
3,1.0,0.0,0.0,manymagpie
4,1.0,0.0,0.0,manymagpie
5,0.6390121616833242,0.3609878383166757,0.0,Attack Helicopter
6,0.3040130796904355,0.6959869203095645,0.0,Borys Lang
7,0.08451438281492955,0.7908908171097112,0.12459480007535932,moonmoth
8,0.12374711580045146,0.20364668792647764,0.6726061962730709,manymagpie
9,0.36003668058703125,0.15188900204922762,0.48807431736374113,Borys Lang
10,0.2973754340957844,0.4580312833146934,0.2445932825895223,Borys Lang
11,0.44874963366588116,0.4457568640519187,0.1054935022822,manymagpie
12,0.13845516896196283,0.1279899051269778,0.7335549259110593,Borys Lang
13,0.44384066563406105,0.3215357492348827,0.23462358513105622,Borys Lang
14,0.5906286276129391,0.2441720009928921,0.1651993713941687,manymagpie
15,0.28808816154647426,0.564487371440423,0.14742446701310266,manymagpie
16,0.22428964196073783,0.6361234492613961,0.13958690877786603,Attack Helicopter
17,0.2562608872042765,0.20717877583311978,0.5365603369626037,Borys Lang
18,0.41163463853856125,0.22388559280325346,0.3644797686581852,manymagpie
19,0.24191392053215455,0.5563686225189293,0.2017174569489163,Attack Helicopter
20,0.24830481740371102,0.47183906570818235,0.2798561168881065,Attack Helicopter
21,0.31487404154592763,0.23494746817544498,0.4501784902786275,Borys Lang
22,0.15922044825482148,0.45328873356201105,0.3874908181831675,Attack Helicopter
23,0.25562400273877744,0.40430243344025685,0.3400735638209656,Borys Lang
24,0.2882460106633306,0.5053656510294551,0.20638833830721415,Attack Helicopter
25,0.3975704888685202,0.37601675967385156,0.22641275145762818,Attack Helicopter
26,0.36872416941403974,0.3792998005081451,0.25197603007781516,Borys Lang
27,0.2211377716484412,0.38067434302818004,0.39818788532337873,Borys Lang
28,0.3035561460756541,0.3744147756955024,0.3220290782288434,manymagpie
29,0.5041453653357252,0.11583125107638619,0.3800233835878887,Attack Helicopter
30,0.4383999072249698,0.2829268498391912,0.278673242935839,Attack Helicopter
31,0.26984649385763193,0.21153235220648675,0.5186211539358814,manymagpie
32,0.32171090792796775,0.2549019099170616,0.42338718215497073,manymagpie
33,0.41284028978476006,0.2545880499685532,0.33257166024668666,Borys Lang
34,0.3987714105148713,0.18559765231264486,0.4156309371724838,Borys Lang
35,0.3009644031171909,0.2661276137130016,0.4329079831698075,manymagpie
36,0.23992539573505714,0.3001129672815829,0.45996163698336,Attack Helicopter
37,0.2976247346805928,0.2889787333589557,0.4133965319604515,manymagpie
38,0.304286133742139,0.31989781284687757,0.37581605341098356,Attack Helicopter
39,0.3465009483692863,0.23354720004571078,0.4199518515850029,Borys Lang
40,0.22418229063198133,0.09817966697380592,0.6776380423942129,manymagpie
41,0.5591801360203295,0.1966713756856986,0.24414848829397204,Attack Helicopter
42,0.49133293679896733,0.21231003419524253,0.29635702900579025,Attack Helicopter
43,0.2180094749998213,0.27836991517051535,0.5036206098296634,manymagpie
44,0.4233673816101072,0.2795960085772299,0.2970366098126629,Attack Helicopter
45,0.48031391673254686,0.14181308161043427,0.37787300165701887,Borys Lang
46,0.3035914092383179,0.3353206658572839,0.36108792490439834,Borys Lang
47,0.6289894607336111,0.1772341631663206,0.19377637610006823,Attack Helicopter
48,0.22321808106539903,0.32045564789453795,0.456326271040063,Attack Helicopter
49,0.3332137407656087,0.31360557263451544,0.35318068659987584,Borys Lang
50,0.3713974080462668,0.3016902028654573,0.3269123890882759,Borys Lang
51,0.4332459791554687,0.23616869452618514,0.3305853263183461,Borys Lang
52,0.24418408589030247,0.34613571111697156,0.40968020299272595,Attack Helicopter
53,0.34252663486372087,0.1793619792849812,0.4781113858512979,Borys Lang
54,0.2923816700592868,0.31100792204287997,0.39661040789783325,Borys Lang
55,0.24133034251673874,0.3533017117362224,0.40536794574703894,Attack Helicopter
56,0.29091105011782203,0.37793023553995353,0.3311587143422245,Attack Helicopter
57,0.2271664558813978,0.46241074424170137,0.3104227998769009,Attack Helicopter
58,0.19325750758529367,0.24405535056911876,0.5626871418455875,Attack Helicopter
59,0.3419370725390405,0.3444873270309924,0.31357560042996696,Borys Lang
60,0.12715406753145428,0.38152811667284525,0.4913178157957004,Attack Helicopter
61,0.3795241692333697,0.30695529506942354,0.31352053569720695,Borys Lang
62,0.2210631751044905,0.4545272289724464,0.32440959592306307,Attack Helicopter
63,0.13672630964014562,0.41294295164078865,0.4503307387190658,manymagpie
64,0.16556227849179017,0.5104923522375702,0.3239453692706396,Attack Helicopter
65,0.14563060320001586,0.525199755531067,0.3291696412689171,Attack Helicopter
66,0.33384616824014113,0.2442432816197208,0.4219105501401381,Borys Lang
67,0.7775079399752015,0.07777565462307405,0.14471640540172442,manymagpie
68,0.04188828857329864,0.8628156941258718,0.09529601730082954,manymagpie
69,0.25423975816051325,0.2421175656352995,0.5036426762041872,Borys Lang
70,0.6032868320853231,0.1566289102346021,0.2400842576800748,Attack Helicopter
71,0.13428703069086964,0.2214192472608371,0.6442937220482933,Borys Lang
72,0.3047641294660968,0.32779788147733585,0.36743798905656744,manymagpie
73,0.3618694204047038,0.31250676636539815,0.3256238132298981,manymagpie
74,0.09188886857597099,0.3977925241493614,0.5103186072746677,Borys Lang
75,0.5786897716824135,0.08140095957925937,0.3399092687383271,Attack Helicopter
76,0.2680526471052678,0.5252292983940992,0.20671805450063305,manymagpie
77,0.23738259868884914,0.34960115366151245,0.4130162476496384,Borys Lang
78,0.24414916503020756,0.550251771496357,0.20559906347343548,manymagpie
79,0.3412161277897398,0.38105676000163874,0.2777271122086215,Borys Lang
80,0.19410182080192362,0.3569777964796817,0.4489203827183947,manymagpie
81,0.23144177292583243,0.5121302001858011,0.2564280268883664,manymagpie
82,0.5073755796153209,0.3560971028203195,0.13652731756435965,Borys Lang
83,0.2728928408592984,0.3233394866309967,0.4037676725097049,Borys Lang
84,0.17890994249672768,0.32948329316448394,0.4916067643387884,manymagpie
85,0.1979796662903206,0.5570018487503008,0.2450184849593787,Borys Lang
86,0.6164187048594949,0.163628769071492,0.21995252606901317,Attack Helicopter
87,0.27088168530493084,0.27910570974945104,0.45001260494561807,manymagpie
88,0.5872768288541721,0.2243853274119178,0.1883378437339101,Attack Helicopter
89,0.35126818549580535,0.26552605019247444,0.38320576431172015,Borys Lang
aiB,knackerkitten,drasticmum,individual mind,Raspywoodchuck,user
0,0.3333333333333333,0.3333333333333333,0.3333333333333333,knackerkitten
1,1.0,0.0,0.0,drasticmum
2,0.5183022291518424,0.4816977708481576,0.0,individual mind
3,0.19262392909531004,0.17976985541660342,0.6276062154880865,Raspywoodchuck
4,0.2788376485034824,0.45116970096394626,0.2699926505325713,knackerkitten
5,0.28423778602887695,0.5149128364573994,0.20084937751372356,individual mind
6,0.8486362451596714,0.052097003361543805,0.09926675147878476,drasticmum
7,0.4027244119633741,0.40270662588087963,0.1945689621557462,individual mind
8,0.38123819732741454,0.4194223640394497,0.19933943863313572,drasticmum
9,0.23408165689945193,0.4092451628818193,0.3566731802187287,knackerkitten
10,0.2827871818394267,0.5031742454579875,0.2140385727025859,drasticmum
11,0.20055414294899673,0.6384829662258786,0.16096289082512463,individual mind
12,0.3409310118773303,0.19491676594028196,0.46415222218238783,drasticmum
13,0.2563828364043975,0.4719723951614557,0.2716447684341468,Raspywoodchuck
14,0.14685841645977302,0.6268354680649233,0.22630611547530372,drasticmum
15,0.37829378434471955,0.24438724591275848,0.377318969742522,individual mind
16,0.40548977368491346,0.33474086036207124,0.2597693659530153,knackerkitten
17,0.563321052128427,0.29280984124880904,0.1438691066227639,Raspywoodchuck
18,0.13008063738531292,0.6882507294865989,0.1816686331280882,individual mind
19,0.4242535342785108,0.2957463658465247,0.28000009987496444,Raspywoodchuck
20,0.34427861969944323,0.18107464870575443,0.4746467315948022,individual mind
21,0.49277332939330926,0.29884750506932756,0.20837916553736316,knackerkitten
22,0.3612909137886809,0.2762892947505055,0.36241979146081355,individual mind
23,0.45459184620370385,0.3961719435862731,0.14923621021002303,individual mind
24,0.3363693952481507,0.4411633859452422,0.22246721880660716,Raspywoodchuck
25,0.30046079794840486,0.41574230085454894,0.2837969011970461,knackerkitten
26,0.34249448785849596,0.32489770367707854,0.3326078084644255,drasticmum
27,0.1695895042316257,0.4368255645230815,0.3935849312452928,knackerkitten
28,0.16039786661513558,0.3301523629783125,0.5094497704065519,drasticmum
29,0.6335410999482313,0.15673283415671344,0.20972606589505535,individual mind
30,0.5351332871053084,0.28101086433821587,0.18385584855647574,drasticmum
31,0.3205922607207477,0.43177275348147276,0.24763498579777965,individual mind
32,0.219068507337641,0.5004667366773231,0.2804647559850359,drasticmum
33,0.19428594448903194,0.27213201393736774,0.5335820415736002,individual mind
34,0.1140463355520714,0.15612963120737922,0.7298240332405492,Raspywoodchuck
35,0.4284882359703445,0.29852085177558935,0.2729909122540663,knackerkitten
36,0.0033924184043450855,0.008162902805635657,0.9884446787900193,individual mind
37,0.0037239364850914602,0.3909839140823079,0.6052921494326006,drasticmum
38,0.3102889378527389,0.3460209676870328,0.34369009446022825,drasticmum
39,0.004342084535273424,0.3910324111908348,0.6046255042738917,knackerkitten
40,0.41556531208923675,0.17069702962494013,0.41373765828582304,individual mind
41,0.08324068346730261,0.7328295843521729,0.18392973218052439,knackerkitten
42,0.3427772085648861,0.4029127324067098,0.25431005902840426,drasticmum
43,0.16947936641204417,0.041630638046927224,0.7888899955410286,Raspywoodchuck
children_devicesB,drasticmum,knackerkitten,Raspywoodchuck,user
0,0.5,0.5,drasticmum
1,0.5,0.5,drasticmum
2,1.0,0.0,knackerkitten
3,0.6534673061852472,0.34653269381475277,Raspywoodchuck
4,0.6152013858040722,0.38479861419592776,drasticmum
5,0.5696315295898305,0.4303684704101694,knackerkitten
6,0.16685673877272778,0.8331432612272722,knackerkitten
7,0.5645036992815449,0.43549630071845513,knackerkitten
8,0.5518663974563396,0.4481336025436605,Raspywoodchuck
9,0.36188448115561084,0.6381155188443892,Raspywoodchuck
10,0.7315033939843855,0.2684966060156144,knackerkitten
11,0.48295357804117406,0.5170464219588259,drasticmum
12,0.16106354750890275,0.8389364524910973,knackerkitten
13,0.5059017732349423,0.49409822676505755,drasticmum
14,0.6540967778849014,0.3459032221150985,drasticmum
15,0.5449701066675119,0.455029893332488,knackerkitten
16,0.32893182776531205,0.671068172234688,drasticmum
17,0.32288072893369724,0.6771192710663027,drasticmum
18,0.3430733206939809,0.6569266793060192,knackerkitten
19,0.40727046773454734,0.5927295322654526,Raspywoodchuck
20,0.6355672182362087,0.36443278176379124,drasticmum
21,0.5841497225759116,0.41585027742408837,drasticmum
22,0.4200998471652336,0.5799001528347665,knackerkitten
23,0.4012223311007313,0.5987776688992688,Raspywoodchuck
24,0.7449247076504236,0.2550752923495764,Raspywoodchuck
25,0.07529165829531007,0.92470834170469,Raspywoodchuck
26,0.5004345634258881,0.4995654365741119,drasticmum
27,0.35314722578248936,0.6468527742175106,knackerkitten
28,0.3208803131611733,0.6791196868388267,knackerkitten
29,0.6159721454170625,0.3840278545829375,drasticmum
30,0.5134812532553122,0.48651874674468776,drasticmum
31,0.9402802006480501,0.059719799351950015,knackerkitten
32,0.5040929689770959,0.49590703102290407,Raspywoodchuck
33,0.3679413033669703,0.6320586966330297,drasticmum
34,0.4512871154612083,0.5487128845387919,knackerkitten
35,0.39375980568423213,0.606240194315768,drasticmum
36,0.5234173463928606,0.4765826536071394,Raspywoodchuck
37,0.34531285364546405,0.654687146354536,knackerkitten
38,0.8895163864026905,0.1104836135973096,drasticmum
39,0.5571537978284972,0.44284620217150267,drasticmum
40,0.594242662070416,0.405757337929584,knackerkitten
41,0.448269755713806,0.551730244286194,drasticmum
42,0.4409692481357654,0.5590307518642346,drasticmum
43,0.420870777160217,0.579129222839783,knackerkitten
44,0.2584658197938402,0.7415341802061597,drasticmum
45,0.46906074773574774,0.5309392522642524,Raspywoodchuck
46,0.6070895631583588,0.3929104368416412,Raspywoodchuck
47,0.7086449072869057,0.29135509271309434,Raspywoodchuck
