nonself,,,,,,,
aiA,User1,User2,User3,user,,,
0,0.333333,0.333333,0.333333,Borys Lang,,,
1,1,0,0,Attack Helicopter,,,
2,1,0,0,Borys Lang,,,
3,1,0,0,Attack Helicopter,,,
4,1,0,0,Borys Lang,,,
5,0.329998,0.670002,0,manymagpie,,,
6,0.630354,0.369646,0,Attack Helicopter,,,
7,0.815824,0.184176,0,Borys Lang,,,
8,0.465664,0.534336,0,Attack Helicopter,,,
9,0.611496,0.388504,0,Borys Lang,,,
10,0.580206,0.419794,0,Attack Helicopter,,,
11,0.317089,0.682911,0,manymagpie,,,
12,0.643703,0.356297,0,manymagpie,,,
13,0.571248,0.428752,0,Borys Lang,,,
14,0.278036,0.721964,0,manymagpie,,,
15,0.697363,0.302637,0,Borys Lang,,,
16,0.186595,0.813405,0,manymagpie,,,
17,0.441582,0.558418,0,Borys Lang,,,
18,0.53501,0.46499,0,Attack Helicopter,,,
19,0.912152,0.087848,0,manymagpie,,,
20,0.535902,0.464098,0,Attack Helicopter,,,
21,0.426037,0.573963,0,Borys Lang,,,
22,0.362833,0.201965,0.435202,moonmoth,,,
23,0.434901,0.398513,0.166585,Attack Helicopter,,,
24,0.405357,0.446528,0.148115,manymagpie,,,
25,0.34982,0.492528,0.157652,manymagpie,,,
26,0.350444,0.210986,0.43857,Attack Helicopter,,,
27,0.236743,0.097146,0.66611,Borys Lang,,,
28,0.213533,0.532284,0.254183,Attack Helicopter,,,
29,0.358382,0.240922,0.400696,manymagpie,,,
30,0.304038,0.364902,0.331059,Attack Helicopter,,,
31,0.304543,0.364587,0.33087,Attack Helicopter,,,
32,0.452514,0.09849,0.448995,manymagpie,,,
33,0.347835,0.283936,0.368229,moonmoth,,,
34,0.529291,0.278806,0.191904,Attack Helicopter,,,
35,0.190571,0.19945,0.609979,Attack Helicopter,,,
36,0.216057,0.251325,0.532618,Attack Helicopter,,,
37,0.128415,0.136795,0.73479,Attack Helicopter,,,
38,0.17721,0.178852,0.643938,Attack Helicopter,,,
39,0.123572,0.122986,0.753442,Attack Helicopter,,,
40,0.166332,0.656276,0.177393,moonmoth,,,
41,0.317502,0.361618,0.32088,Borys Lang,,,
42,0.056555,0.572688,0.370756,manymagpie,,,
43,0.343522,0.23411,0.422368,Borys Lang,,,
44,0.154054,0.476975,0.368971,Attack Helicopter,,,
45,0.325169,0.439546,0.235285,Borys Lang,,,
46,0.491182,0.312494,0.196324,manymagpie,,,
47,0.084693,0.116826,0.798481,Attack Helicopter,,,
48,0.375271,0.19878,0.425949,Borys Lang,,,
49,0.461679,0.261439,0.276882,manymagpie,,,
50,0.322028,0.240476,0.437496,Attack Helicopter,,,
51,0.121256,0.579623,0.299121,Borys Lang,,,
52,0.524698,0.167642,0.30766,manymagpie,,,
53,0.508135,0.184951,0.306914,Attack Helicopter,,,
54,0.201138,0.577493,0.221369,manymagpie,,,
55,0.224746,0.273401,0.501853,Borys Lang,,,
56,0.256674,0.454772,0.288554,manymagpie,,,
57,0.440419,0.348365,0.211216,Borys Lang,,,
58,0.451033,0.275693,0.273274,Borys Lang,,,
59,0.493772,0.308373,0.197855,Borys Lang,,,
60,0.381086,0.367346,0.251568,Attack Helicopter,,,
61,0.522617,0.257153,0.22023,manymagpie,,,
62,0.2706,0.220551,0.508849,Attack Helicopter,,,
63,0.196207,0.230787,0.573006,Borys Lang,,,
64,0.345454,0.328201,0.326346,Attack Helicopter,,,
65,0.288889,0.080257,0.630853,Attack Helicopter,,,
66,0.449205,0.30847,0.242325,moonmoth,,,
67,0.265246,0.213591,0.521163,manymagpie,,,
68,0.416414,0.257144,0.326441,Attack Helicopter,,,
69,0.269763,0.274361,0.455876,Borys Lang,,,
70,0.09025,0.262995,0.646755,Borys Lang,,,
71,0.460512,0.149737,0.38975,Attack Helicopter,,,
children_devicesA,User1,User2,User3,user,,,
0,0.333333,0.333333,0.333333,Attack Helicopter,,,
1,1,0,0,Borys Lang,,,
2,1,0,0,Borys Lang,,,
3,0.673629,0.326371,0,manymagpie,,,
4,0.378084,0.621916,0,Attack Helicopter,,,
5,0.595296,0.404704,0,manymagpie,,,
6,0.638439,0.361561,0,Borys Lang,,,
7,0.723053,0.276947,0,Borys Lang,,,
8,0.366486,0.387124,0.24639,moonmoth,,,
9,0.755447,0.136672,0.107881,Attack Helicopter,,,
10,0.336593,0.177254,0.486152,Borys Lang,,,
11,0.598147,0.168556,0.233297,Borys Lang,,,
12,0.360883,0.385113,0.254004,manymagpie,,,
13,0.314955,0.183969,0.501076,Borys Lang,,,
14,0.25696,0.578953,0.164086,Borys Lang,,,
15,0.727765,0.129611,0.142624,manymagpie,,,
16,0.347651,0.238051,0.414298,moonmoth,,,
17,0.27532,0.303334,0.421346,Borys Lang,,,
18,0.304298,0.385726,0.309976,manymagpie,,,
19,0.438791,0.317946,0.243264,Borys Lang,,,
20,0.480356,0.226418,0.293226,Attack Helicopter,,,
21,0.296696,0.451965,0.251339,Borys Lang,,,
22,0.266935,0.212526,0.520539,Attack Helicopter,,,
23,0.314333,0.470727,0.21494,manymagpie,,,
24,0.201443,0.65059,0.147968,Borys Lang,,,
25,0.315538,0.391388,0.293074,Attack Helicopter,,,
26,0.457038,0.349617,0.193346,Borys Lang,,,
27,0.379898,0.402968,0.217134,Attack Helicopter,,,
28,0.652872,0.216311,0.130817,Attack Helicopter,,,
29,0.277554,0.444879,0.277567,manymagpie,,,
30,0.32378,0.517734,0.158486,manymagpie,,,
31,0.389729,0.503795,0.106476,Borys Lang,,,
32,0.258183,0.528703,0.213115,Borys Lang,,,
33,0.326082,0.499958,0.17396,Attack Helicopter,,,
34,0.482106,0.211092,0.306802,moonmoth,,,
35,0.331917,0.455923,0.21216,Borys Lang,,,
36,0.460669,0.309222,0.230109,Attack Helicopter,,,
37,0.316934,0.430113,0.252952,Attack Helicopter,,,
38,0.188826,0.573151,0.238023,Borys Lang,,,
39,0.27054,0.273257,0.456203,manymagpie,,,
40,0.530267,0.172379,0.297353,Attack Helicopter,,,
41,0.263092,0.54542,0.191488,manymagpie,,,
42,0.482512,0.299989,0.2175,Attack Helicopter,,,
43,0.380411,0.250468,0.369121,Borys Lang,,,
44,0.245289,0.628205,0.126506,Borys Lang,,,
45,0.50794,0.275968,0.216092,manymagpie,,,
46,0.232208,0.453547,0.314245,Attack Helicopter,,,
47,0.329003,0.48674,0.184257,Borys Lang,,,
48,0.567255,0.280736,0.152009,Attack Helicopter,,,
49,0.320924,0.326251,0.352826,manymagpie,,,
50,0.51256,0.302672,0.184768,Attack Helicopter,,,
51,0.535608,0.297844,0.166547,manymagpie,,,
52,0.313587,0.296318,0.390095,Attack Helicopter,,,
53,0.298461,0.513982,0.187557,manymagpie,,,
54,0.284183,0.485297,0.23052,Borys Lang,,,
55,0.145153,0.306631,0.548216,Attack Helicopter,,,
56,0.562381,0.164603,0.273017,manymagpie,,,
57,0.110254,0.561115,0.328632,Attack Helicopter,,,
58,0.112561,0.641744,0.245695,Attack Helicopter,,,
59,0.122277,0.628964,0.248759,Attack Helicopter,,,
60,0.274939,0.503695,0.221366,Borys Lang,,,
61,0.559344,0.321297,0.119359,Borys Lang,,,
62,0.368354,0.500634,0.131012,manymagpie,,,
63,0.289252,0.53578,0.174968,Attack Helicopter,,,
64,0.435581,0.315152,0.249267,manymagpie,,,
65,0.446361,0.375073,0.178566,Borys Lang,,,
66,0.245734,0.391348,0.362919,Attack Helicopter,,,
67,0.309117,0.513634,0.177249,Borys Lang,,,
68,0.372652,0.385671,0.241677,Borys Lang,,,
69,0.288283,0.489171,0.222547,Attack Helicopter,,,
70,0.242044,0.537178,0.220778,moonmoth,,,
71,0.36907,0.387386,0.243544,manymagpie,,,
72,0.165074,0.079743,0.755183,Attack Helicopter,,,
73,0.655677,0.173311,0.171012,Attack Helicopter,,,
74,0.359189,0.478199,0.162611,manymagpie,,,
75,0.35799,0.432751,0.209258,Borys Lang,,,
76,0.27041,0.179991,0.549599,manymagpie,,,
77,0.645023,0.159422,0.195555,manymagpie,,,
78,0.105085,0.205228,0.689687,Attack Helicopter,,,
79,0.536166,0.173981,0.289853,Borys Lang,,,
80,0.338324,0.364957,0.296719,manymagpie,,,
81,0.335306,0.381288,0.283406,manymagpie,,,
82,0.274588,0.511018,0.214394,Borys Lang,,,
83,0.066872,0.05269,0.880437,Attack Helicopter,,,
84,0.390381,0.13145,0.478169,manymagpie,,,
85,0.681838,0.181588,0.136573,Attack Helicopter,,,
86,0.747857,0.143293,0.10885,Borys Lang,,,
87,0.286001,0.311398,0.402601,moonmoth,,,
88,0.447777,0.232284,0.31994,Borys Lang,,,
89,0.227883,0.14648,0.625638,manymagpie,,,
90,0.303035,0.234703,0.462262,moonmoth,,,
91,0.156589,0.504275,0.339136,Attack Helicopter,,,
92,0.344926,0.400753,0.254321,Borys Lang,,,
93,0.286646,0.523297,0.190058,manymagpie,,,
94,0.29534,0.453778,0.250883,Borys Lang,,,
95,0.48864,0.196043,0.315318,manymagpie,,,
96,0.280803,0.558093,0.161104,Borys Lang,,,
97,0.535118,0.258516,0.206366,moonmoth,,,
98,0.402397,0.392661,0.204942,Borys Lang,,,
ketchup_vs_mustardA,User1,User2,User3,user,,,
0,0.333333,0.333333,0.333333,Attack Helicopter,,,
1,0.333333,0.333333,0.333333,Attack Helicopter,,,
2,1,0,0,Borys Lang,,,
3,1,0,0,Attack Helicopter,,,
4,0.519974,0.480026,0,manymagpie,,,
5,0.291687,0.708313,0,Borys Lang,,,
6,0.449345,0.550655,0,Attack Helicopter,,,
7,0.56908,0.43092,0,manymagpie,,,
8,0.382163,0.617837,0,manymagpie,,,
9,0.30027,0.69973,0,Borys Lang,,,
10,0.757112,0.242888,0,manymagpie,,,
11,0.169062,0.695683,0.135255,moonmoth,,,
12,0.650051,0.185111,0.164838,manymagpie,,,
13,0.353599,0.346791,0.29961,manymagpie,,,
14,0.317085,0.44476,0.238155,Attack Helicopter,,,
15,0.312815,0.384933,0.302251,Borys Lang,,,
16,0.447742,0.332508,0.21975,manymagpie,,,
17,0.499509,0.28898,0.211511,Attack Helicopter,,,
18,0.368079,0.395035,0.236887,manymagpie,,,
19,0.472544,0.314809,0.212647,manymagpie,,,
20,0.293175,0.460545,0.24628,Attack Helicopter,,,
21,0.178262,0.29883,0.522908,Borys Lang,,,
22,0.111255,0.717414,0.171331,Attack Helicopter,,,
23,0.210519,0.23061,0.558871,Borys Lang,,,
24,0.22143,0.52905,0.24952,moonmoth,,,
25,0.21549,0.260626,0.523883,Borys Lang,,,
26,0.453544,0.294963,0.251493,Attack Helicopter,,,
27,0.211077,0.607433,0.181489,Attack Helicopter,,,
28,0.574186,0.095073,0.33074,moonmoth,,,
29,0.220006,0.468157,0.311837,Borys Lang,,,
30,0.216358,0.365725,0.417917,Attack Helicopter,,,
31,0.278739,0.469308,0.251954,manymagpie,,,
32,0.385373,0.381598,0.233028,manymagpie,,,
33,0.318827,0.395683,0.28549,Borys Lang,,,
34,0.543062,0.10071,0.356228,manymagpie,,,
35,0.329731,0.208646,0.461623,Borys Lang,,,
36,0.179128,0.517218,0.303654,manymagpie,,,
37,0.184977,0.559565,0.255458,Borys Lang,,,
38,0.410838,0.260633,0.328528,Borys Lang,,,
39,0.375854,0.291355,0.33279,Borys Lang,,,
40,0.208703,0.05171,0.739587,moonmoth,,,
41,0.509342,0.240394,0.250265,Attack Helicopter,,,
42,0.573164,0.212301,0.214535,manymagpie,,,
43,0.49796,0.344236,0.157804,manymagpie,,,
44,0.151641,0.175176,0.673183,Attack Helicopter,,,
45,0.111007,0.124707,0.764286,Attack Helicopter,,,
46,0.293769,0.428244,0.277987,Borys Lang,,,
47,0.128446,0.721236,0.150318,Attack Helicopter,,,
48,0.336956,0.129525,0.53352,manymagpie,,,
49,0.054088,0.328823,0.617089,Attack Helicopter,,,
50,0.335603,0.259878,0.404519,Borys Lang,,,
51,0.30942,0.480229,0.210351,moonmoth,,,
52,0.047613,0.019498,0.932889,Attack Helicopter,,,
53,0.324989,0.336478,0.338534,Borys Lang,,,
54,0.676379,0.021024,0.302598,manymagpie,,,
55,0.25661,0.481856,0.261534,manymagpie,,,
56,0.143682,0.773181,0.083137,Attack Helicopter,,,
57,0.262188,0.155966,0.581846,Attack Helicopter,,,
58,0.249936,0.378409,0.371656,Borys Lang,,,
59,0.597993,0.180157,0.221851,Attack Helicopter,,,
60,0.58798,0.227236,0.184784,Attack Helicopter,,,
make_your_bedA,User1,User2,User3,User4,User5,user,user
0,0.2,0.2,0.2,0.2,0.2,Gary,
1,1,0,0,0,0,Ursula,
2,0.391584,0.608416,0,0,0,Mary,
3,0.493934,0.506066,0,0,0,Gary,
4,0.115226,0.522719,0.362055,0,0,Bobby,
5,0.117131,0.397354,0.251346,0.234168,0,Daisy,
6,0.175903,0.364817,0.223867,0.235413,0,Ursula,
7,0.188388,0.406892,0.200025,0.204695,0,Mary,
8,0.109301,0.182648,0.146344,0.561708,0,Bobby,
9,0.283668,0.463057,0.111873,0.141403,0,Gary,
10,0.192985,0.205052,0.167494,0.434468,0,Bobby,
11,0.354551,0.277284,0.140581,0.227583,0,Gary,
12,0.30947,0.354677,0.133601,0.202253,0,Mary,
13,0.2468,0.218085,0.139527,0.395587,0,Bobby,
14,0.406489,0.225877,0.189696,0.177939,0,Mary,
15,0.20837,0.142364,0.333264,0.316002,0,Ursula,
16,0.197534,0.37498,0.235309,0.192177,0,Gary,
17,0.177491,0.12205,0.35032,0.172161,0.177978,Alex,
18,0.431267,0.150532,0.164622,0.13048,0.123099,Bobby,
19,0.1554,0.138147,0.197269,0.206658,0.302526,Bobby,
20,0.184751,0.302381,0.174472,0.160816,0.17758,Daisy,
21,0.464095,0.193912,0.108148,0.069628,0.164217,Mary,
22,0.294099,0.118328,0.463711,0.07498,0.048883,Alex,
23,0.388783,0.119174,0.114645,0.063174,0.314224,Mary,
24,0.186585,0.226575,0.183189,0.198199,0.205453,Bobby,
25,0.325251,0.195193,0.281912,0.109248,0.088396,Alex,
26,0.292545,0.254051,0.245316,0.108313,0.099774,Alex,
27,0.170651,0.185615,0.13347,0.098401,0.411863,Mary,
28,0.470577,0.156983,0.206647,0.085169,0.080623,Alex,
29,0.303195,0.17669,0.129641,0.207745,0.18273,Gary,
30,0.119508,0.19829,0.140862,0.10733,0.434009,Mary,
31,0.118347,0.238828,0.420814,0.120517,0.101494,Alex,
32,0.327952,0.190621,0.142939,0.178304,0.160184,Bobby,
33,0.156122,0.358643,0.048831,0.075628,0.360776,Gary,
34,0.334433,0.223506,0.033048,0.048394,0.360619,Ursula,
35,0.296715,0.267041,0.04798,0.07784,0.310424,Mary,
36,0.380163,0.251698,0.033049,0.057468,0.277623,Mary,
37,0.204849,0.212983,0.209858,0.132045,0.240266,Bobby,
38,0.196139,0.199039,0.203939,0.307529,0.093355,Alex,
39,0.222375,0.20577,0.347941,0.089038,0.134876,Daisy,
40,0.155309,0.229703,0.061371,0.465748,0.087868,Gary,
41,0.278751,0.143095,0.180428,0.275531,0.122195,Bobby,
42,0.188095,0.222501,0.132752,0.331934,0.124719,Gary,
43,0.260353,0.182693,0.19654,0.145408,0.215006,Alex,
44,0.245987,0.202391,0.193639,0.211189,0.146795,Bobby,
45,0.187708,0.356274,0.090329,0.237965,0.127724,Mary,
46,0.402473,0.161321,0.074793,0.260822,0.100593,Ursula,
47,0.212673,0.201739,0.142092,0.118564,0.324933,Alex,
48,0.196533,0.260035,0.103864,0.267415,0.172152,Mary,
49,0.169281,0.129758,0.394885,0.151575,0.154502,Gary,
50,0.057919,0.102369,0.067825,0.171953,0.599935,Bobby,
51,0.091023,0.236781,0.263525,0.140449,0.268222,Alex,
52,0.106433,0.28687,0.121122,0.192315,0.29326,Mary,
53,0.086001,0.250367,0.389516,0.100513,0.173603,Daisy,
54,0.161895,0.23456,0.113318,0.148841,0.341386,Gary,
55,0.120247,0.261673,0.097509,0.347354,0.173217,Ursula,
56,0.171889,0.211497,0.18851,0.171757,0.256347,Bobby,
57,0.151971,0.301333,0.109925,0.256584,0.180188,Mary,
58,0.191529,0.207001,0.144921,0.173445,0.283102,Bobby,
59,0.135305,0.189277,0.253136,0.132946,0.289335,Mary,
60,0.097369,0.384161,0.22212,0.111511,0.184839,Alex,
61,0.143505,0.238404,0.156298,0.261951,0.199841,Bobby,
62,0.086417,0.170861,0.064915,0.230106,0.4477,Ursula,
63,0.346108,0.170328,0.118169,0.174471,0.190924,Mary,
64,0.218469,0.152613,0.302999,0.146734,0.179185,Bobby,
65,0.472043,0.097164,0.231538,0.087374,0.111882,Mary,
66,0.147293,0.157187,0.190697,0.257193,0.24763,Ursula,
67,0.171381,0.163033,0.16413,0.23094,0.270516,Bobby,
68,0.34008,0.10004,0.09843,0.196976,0.264474,Mary,
69,0.13768,0.194753,0.191956,0.128981,0.34663,Daisy,
70,0.12941,0.336868,0.160217,0.165147,0.208358,Alex,
71,0.424376,0.124738,0.118739,0.235118,0.097029,Mary,
72,0.136032,0.192589,0.149535,0.168035,0.35381,Bobby,
73,0.136756,0.427847,0.123032,0.193388,0.118976,Gary,
74,0.60724,0.093004,0.084982,0.133063,0.081711,Mary,
75,0.337601,0.303504,0.08327,0.186678,0.088947,Ursula,
76,0.138134,0.146424,0.163715,0.267705,0.284023,Bobby,
77,0.205566,0.304209,0.152911,0.248353,0.088961,Mary,
78,0.202557,0.181669,0.325261,0.189781,0.100732,Bobby,
79,0.084579,0.073296,0.120971,0.649208,0.071947,Alex,
80,0.155045,0.149825,0.198562,0.252843,0.243725,Daisy,
81,0.319196,0.340501,0.137677,0.061138,0.141487,Mary,
82,0.16739,0.185824,0.240344,0.167981,0.23846,Ursula,
83,0.162973,0.241054,0.169312,0.123326,0.303336,Bobby,
84,0.227833,0.101334,0.220672,0.090306,0.359855,Mary,
85,0.254918,0.094677,0.390409,0.187068,0.072927,Alex,
86,0.159639,0.192994,0.259096,0.095739,0.292532,Bobby,
87,0.156791,0.185759,0.209525,0.257202,0.190724,Ursula,
88,0.169169,0.159497,0.233559,0.224679,0.213097,Bobby,
89,0.379072,0.077414,0.106408,0.08488,0.352227,Mary,
90,0.370043,0.096014,0.314046,0.114022,0.105876,Alex,
91,0.41953,0.109588,0.160741,0.127006,0.183136,Mary,
92,0.200604,0.164228,0.212153,0.259828,0.163188,Bobby,
93,0.287453,0.18852,0.129479,0.222452,0.172097,Mary,
94,0.193602,0.127774,0.348268,0.100458,0.229898,Alex,
95,0.160214,0.200141,0.086703,0.244853,0.308088,Gary,
96,0.156203,0.105937,0.290648,0.158172,0.28904,Bobby,
97,0.136284,0.142263,0.312024,0.19952,0.209909,Daisy,
98,0.202037,0.095183,0.203525,0.140913,0.358341,Mary,
99,0.084444,0.156562,0.444661,0.148327,0.166006,Ursula,
100,0.033523,0.034368,0.049936,0.024442,0.857731,Bobby,
101,0.190921,0.210884,0.226616,0.142935,0.228644,Mary,
102,0.104061,0.144833,0.52037,0.09454,0.136196,Bobby,
103,0.140616,0.200307,0.320747,0.110007,0.228323,Bobby,
104,0.129283,0.216616,0.323341,0.122012,0.208747,Bobby,
105,0.128824,0.242669,0.14258,0.270978,0.21495,Bobby,
pineapple_on_pizzaA,User1,User2,User3,user,,,
0,0.333333,0.333333,0.333333,Borys Lang,,,
1,0.333333,0.333333,0.333333,Borys Lang,,,
2,1,0,0,manymagpie,,,
3,1,0,0,manymagpie,,,
4,1,0,0,manymagpie,,,
5,0.639012,0.360988,0,Attack Helicopter,,,
6,0.304013,0.695987,0,Borys Lang,,,
7,0.084514,0.790891,0.124595,moonmoth,,,
8,0.123747,0.203647,0.672606,manymagpie,,,
9,0.360037,0.151889,0.488074,Borys Lang,,,
10,0.297375,0.458031,0.244593,Borys Lang,,,
11,0.44875,0.445757,0.105494,manymagpie,,,
12,0.138455,0.12799,0.733555,Borys Lang,,,
13,0.443841,0.321536,0.234624,Borys Lang,,,
14,0.590629,0.244172,0.165199,manymagpie,,,
15,0.288088,0.564487,0.147424,manymagpie,,,
16,0.22429,0.636123,0.139587,Attack Helicopter,,,
17,0.256261,0.207179,0.53656,Borys Lang,,,
18,0.411635,0.223886,0.36448,manymagpie,,,
19,0.241914,0.556369,0.201717,Attack Helicopter,,,
20,0.248305,0.471839,0.279856,Attack Helicopter,,,
21,0.314874,0.234947,0.450178,Borys Lang,,,
22,0.15922,0.453289,0.387491,Attack Helicopter,,,
23,0.255624,0.404302,0.340074,Borys Lang,,,
24,0.288246,0.505366,0.206388,Attack Helicopter,,,
25,0.39757,0.376017,0.226413,Attack Helicopter,,,
26,0.368724,0.3793,0.251976,Borys Lang,,,
27,0.221138,0.380674,0.398188,Borys Lang,,,
28,0.303556,0.374415,0.322029,manymagpie,,,
29,0.504145,0.115831,0.380023,Attack Helicopter,,,
30,0.4384,0.282927,0.278673,Attack Helicopter,,,
31,0.269846,0.211532,0.518621,manymagpie,,,
32,0.321711,0.254902,0.423387,manymagpie,,,
33,0.41284,0.254588,0.332572,Borys Lang,,,
34,0.398771,0.185598,0.415631,Borys Lang,,,
35,0.300964,0.266128,0.432908,manymagpie,,,
36,0.239925,0.300113,0.459962,Attack Helicopter,,,
37,0.297625,0.288979,0.413397,manymagpie,,,
38,0.304286,0.319898,0.375816,Attack Helicopter,,,
39,0.346501,0.233547,0.419952,Borys Lang,,,
40,0.224182,0.09818,0.677638,manymagpie,,,
41,0.55918,0.196671,0.244148,Attack Helicopter,,,
42,0.491333,0.21231,0.296357,Attack Helicopter,,,
43,0.218009,0.27837,0.503621,manymagpie,,,
44,0.423367,0.279596,0.297037,Attack Helicopter,,,
45,0.480314,0.141813,0.377873,Borys Lang,,,
46,0.303591,0.335321,0.361088,Borys Lang,,,
47,0.628989,0.177234,0.193776,Attack Helicopter,,,
48,0.223218,0.320456,0.456326,Attack Helicopter,,,
49,0.333214,0.313606,0.353181,Borys Lang,,,
50,0.371397,0.30169,0.326912,Borys Lang,,,
51,0.433246,0.236169,0.330585,Borys Lang,,,
52,0.244184,0.346136,0.40968,Attack Helicopter,,,
53,0.342527,0.179362,0.478111,Borys Lang,,,
54,0.292382,0.311008,0.39661,Borys Lang,,,
55,0.24133,0.353302,0.405368,Attack Helicopter,,,
56,0.290911,0.37793,0.331159,Attack Helicopter,,,
57,0.227166,0.462411,0.310423,Attack Helicopter,,,
58,0.193258,0.244055,0.562687,Attack Helicopter,,,
59,0.341937,0.344487,0.313576,Borys Lang,,,
60,0.127154,0.381528,0.491318,Attack Helicopter,,,
61,0.379524,0.306955,0.313521,Borys Lang,,,
62,0.221063,0.454527,0.32441,Attack Helicopter,,,
63,0.136726,0.412943,0.450331,manymagpie,,,
64,0.165562,0.510492,0.323945,Attack Helicopter,,,
65,0.145631,0.5252,0.32917,Attack Helicopter,,,
66,0.333846,0.244243,0.421911,Borys Lang,,,
67,0.777508,0.077776,0.144716,manymagpie,,,
68,0.041888,0.862816,0.095296,manymagpie,,,
69,0.25424,0.242118,0.503643,Borys Lang,,,
70,0.603287,0.156629,0.240084,Attack Helicopter,,,
71,0.134287,0.221419,0.644294,Borys Lang,,,
72,0.304764,0.327798,0.367438,manymagpie,,,
73,0.361869,0.312507,0.325624,manymagpie,,,
74,0.091889,0.397793,0.510319,Borys Lang,,,
75,0.57869,0.081401,0.339909,Attack Helicopter,,,
76,0.268053,0.525229,0.206718,manymagpie,,,
77,0.237383,0.349601,0.413016,Borys Lang,,,
78,0.244149,0.550252,0.205599,manymagpie,,,
79,0.341216,0.381057,0.277727,Borys Lang,,,
80,0.194102,0.356978,0.44892,manymagpie,,,
81,0.231442,0.51213,0.256428,manymagpie,,,
82,0.507376,0.356097,0.136527,Borys Lang,,,
83,0.272893,0.323339,0.403768,Borys Lang,,,
84,0.17891,0.329483,0.491607,manymagpie,,,
85,0.19798,0.557002,0.245018,Borys Lang,,,
86,0.616419,0.163629,0.219953,Attack Helicopter,,,
87,0.270882,0.279106,0.450013,manymagpie,,,
88,0.587277,0.224385,0.188338,Attack Helicopter,,,
89,0.351268,0.265526,0.383206,Borys Lang,,,
aiB,User1,User2,User3,user,,,
0,0.333333,0.333333,0.333333,knackerkitten,,,
1,1,0,0,drasticmum,,,
2,0.518302,0.481698,0,individual mind,,,
3,0.192624,0.17977,0.627606,Raspywoodchuck,,,
4,0.278838,0.45117,0.269993,knackerkitten,,,
5,0.284238,0.514913,0.200849,individual mind,,,
6,0.848636,0.052097,0.099267,drasticmum,,,
7,0.402724,0.402707,0.194569,individual mind,,,
8,0.381238,0.419422,0.199339,drasticmum,,,
9,0.234082,0.409245,0.356673,knackerkitten,,,
10,0.282787,0.503174,0.214039,drasticmum,,,
11,0.200554,0.638483,0.160963,individual mind,,,
12,0.340931,0.194917,0.464152,drasticmum,,,
13,0.256383,0.471972,0.271645,Raspywoodchuck,,,
14,0.146858,0.626835,0.226306,drasticmum,,,
15,0.378294,0.244387,0.377319,individual mind,,,
16,0.40549,0.334741,0.259769,knackerkitten,,,
17,0.563321,0.29281,0.143869,Raspywoodchuck,,,
18,0.130081,0.688251,0.181669,individual mind,,,
19,0.424254,0.295746,0.28,Raspywoodchuck,,,
20,0.344279,0.181075,0.474647,individual mind,,,
21,0.492773,0.298848,0.208379,knackerkitten,,,
22,0.361291,0.276289,0.36242,individual mind,,,
23,0.454592,0.396172,0.149236,individual mind,,,
24,0.336369,0.441163,0.222467,Raspywoodchuck,,,
25,0.300461,0.415742,0.283797,knackerkitten,,,
26,0.342494,0.324898,0.332608,drasticmum,,,
27,0.16959,0.436826,0.393585,knackerkitten,,,
28,0.160398,0.330152,0.50945,drasticmum,,,
29,0.633541,0.156733,0.209726,individual mind,,,
30,0.535133,0.281011,0.183856,drasticmum,,,
31,0.320592,0.431773,0.247635,individual mind,,,
32,0.219069,0.500467,0.280465,drasticmum,,,
33,0.194286,0.272132,0.533582,individual mind,,,
34,0.114046,0.15613,0.729824,Raspywoodchuck,,,
35,0.428488,0.298521,0.272991,knackerkitten,,,
36,0.003392,0.008163,0.988445,individual mind,,,
37,0.003724,0.390984,0.605292,drasticmum,,,
38,0.310289,0.346021,0.34369,drasticmum,,,
39,0.004342,0.391032,0.604626,knackerkitten,,,
40,0.415565,0.170697,0.413738,individual mind,,,
41,0.083241,0.73283,0.18393,knackerkitten,,,
42,0.342777,0.402913,0.25431,drasticmum,,,
43,0.169479,0.041631,0.78889,Raspywoodchuck,,,
children_devicesB,User1,User2,user,,,,
0,0.5,0.5,drasticmum,,,,
1,0.5,0.5,drasticmum,,,,
2,1,0,knackerkitten,,,,
3,0.653467,0.346533,Raspywoodchuck,,,,
4,0.615201,0.384799,drasticmum,,,,
5,0.569632,0.430368,knackerkitten,,,,
6,0.166857,0.833143,knackerkitten,,,,
7,0.564504,0.435496,knackerkitten,,,,
8,0.551866,0.448134,Raspywoodchuck,,,,
9,0.361884,0.638116,Raspywoodchuck,,,,
10,0.731503,0.268497,knackerkitten,,,,
11,0.482954,0.517046,drasticmum,,,,
12,0.161064,0.838936,knackerkitten,,,,
13,0.505902,0.494098,drasticmum,,,,
14,0.654097,0.345903,drasticmum,,,,
15,0.54497,0.45503,knackerkitten,,,,
16,0.328932,0.671068,drasticmum,,,,
17,0.322881,0.677119,drasticmum,,,,
18,0.343073,0.656927,knackerkitten,,,,
19,0.40727,0.59273,Raspywoodchuck,,,,
20,0.635567,0.364433,drasticmum,,,,
21,0.58415,0.41585,drasticmum,,,,
22,0.4201,0.5799,knackerkitten,,,,
23,0.401222,0.598778,Raspywoodchuck,,,,
24,0.744925,0.255075,Raspywoodchuck,,,,
25,0.075292,0.924708,Raspywoodchuck,,,,
26,0.500435,0.499565,drasticmum,,,,
27,0.353147,0.646853,knackerkitten,,,,
28,0.32088,0.67912,knackerkitten,,,,
29,0.615972,0.384028,drasticmum,,,,
30,0.513481,0.486519,drasticmum,,,,
31,0.94028,0.05972,knackerkitten,,,,
32,0.504093,0.495907,Raspywoodchuck,,,,
33,0.367941,0.632059,drasticmum,,,,
34,0.451287,0.548713,knackerkitten,,,,
35,0.39376,0.60624,drasticmum,,,,
36,0.523417,0.476583,Raspywoodchuck,,,,
37,0.345313,0.654687,knackerkitten,,,,
38,0.889516,0.110484,drasticmum,,,,
39,0.557154,0.442846,drasticmum,,,,
40,0.594243,0.405757,knackerkitten,,,,
41,0.44827,0.55173,drasticmum,,,,
42,0.440969,0.559031,drasticmum,,,,
43,0.420871,0.579129,knackerkitten,,,,
44,0.258466,0.741534,drasticmum,,,,
45,0.469061,0.530939,Raspywoodchuck,,,,
46,0.60709,0.39291,Raspywoodchuck,,,,
47,0.708645,0.291355,Raspywoodchuck,,,,
48,0.622469,0.377531,Raspywoodchuck,,,,
49,0.431594,0.568406,drasticmum,,,,
50,0.716033,0.283967,knackerkitten,,,,
51,0.784296,0.215704,knackerkitten,,,,
52,0.729532,0.270468,knackerkitten,,,,
53,0.601768,0.398232,drasticmum,,,,
54,0.044913,0.955087,Raspywoodchuck,,,,
ketchup_vs_mustardB,User1,User2,User3,user,,,
0,0.333333,0.333333,0.333333,drasticmum,,,
1,0.333333,0.333333,0.333333,drasticmum,,,
2,1,0,0,individual mind,,,
3,1,0,0,drasticmum,,,
4,0.328123,0.671877,0,knackerkitten,,,
5,0.304999,0.695001,0,drasticmum,,,
6,0.461716,0.538284,0,individual mind,,,
7,0.474497,0.525503,0,individual mind,,,
8,0.787402,0.212598,0,drasticmum,,,
9,0.204434,0.274455,0.521111,Raspywoodchuck,,,
10,0.211109,0.223156,0.565734,drasticmum,,,
11,0.415643,0.222062,0.362295,individual mind,,,
12,0.575109,0.152104,0.272787,drasticmum,,,
13,0.42336,0.269221,0.30742,drasticmum,,,
14,0.459837,0.238039,0.302124,individual mind,,,
15,0.877392,0.053744,0.068864,drasticmum,,,
16,0.107152,0.298323,0.594524,drasticmum,,,
17,0.303586,0.209595,0.486819,individual mind,,,
18,0.398869,0.273081,0.32805,drasticmum,,,
19,0.221479,0.579653,0.198867,Raspywoodchuck,,,
20,0.158746,0.170458,0.670796,individual mind,,,
21,0.232142,0.601303,0.166556,Raspywoodchuck,,,
22,0.157832,0.323494,0.518674,Raspywoodchuck,,,
23,0.22258,0.264817,0.512603,drasticmum,,,
24,0.262925,0.268678,0.468397,individual mind,,,
25,0.284295,0.421397,0.294308,Raspywoodchuck,,,
26,0.315069,0.384198,0.300733,drasticmum,,,
27,0.442784,0.298682,0.258534,knackerkitten,,,
28,0.201745,0.52397,0.274285,individual mind,,,
29,0.269163,0.190462,0.540376,drasticmum,,,
30,0.662553,0.24963,0.087817,drasticmum,,,
31,0.500699,0.366123,0.133179,knackerkitten,,,
32,0.420712,0.241465,0.337823,drasticmum,,,
33,0.263907,0.309105,0.426988,Raspywoodchuck,,,
34,0.519291,0.341657,0.139052,knackerkitten,,,
35,0.596725,0.230684,0.172591,drasticmum,,,
36,0.087286,0.077126,0.835588,knackerkitten,,,
37,0.499976,0.243903,0.256121,individual mind,,,
38,0.63457,0.181743,0.183688,drasticmum,,,
39,0.272912,0.36567,0.361418,Raspywoodchuck,,,
40,0.511238,0.292977,0.195785,knackerkitten,,,
41,0.302299,0.533937,0.163763,drasticmum,,,
42,0.569904,0.25732,0.172777,individual mind,,,
43,0.021094,0.013733,0.965173,drasticmum,,,
44,0.12871,0.493681,0.377609,Raspywoodchuck,,,
45,0.109517,0.235047,0.655436,individual mind,,,
46,0.418517,0.208806,0.372677,drasticmum,,,
47,0.368849,0.278052,0.3531,drasticmum,,,
48,0.299675,0.396366,0.303959,drasticmum,,,
aiC,User1,User2,User3,user,,,
0,0.333333,0.333333,0.333333,mirrormoth,,,
1,0.333333,0.333333,0.333333,mirrormoth,,,
2,1,0,0,susancase1983,,,
3,1,0,0,mirrormoth,,,
4,0.930088,0.069912,0,honkyhornet,,,
5,0.539134,0.460866,0,susancase1983,,,
6,0.347276,0.309521,0.343203,magnetmussel,,,
7,0.381265,0.43975,0.178985,susancase1983,,,
8,0.369283,0.414213,0.216504,susancase1983,,,
9,0.756854,0.14801,0.095137,honkyhornet,,,
10,0.351209,0.313344,0.335448,magnetmussel,,,
11,0.392718,0.341569,0.265713,susancase1983,,,
12,0.596289,0.260652,0.143058,honkyhornet,,,
13,0.337054,0.515163,0.147784,susancase1983,,,
14,0.329644,0.562252,0.108104,mirrormoth,,,
15,0.464646,0.254654,0.2807,magnetmussel,,,
16,0.380509,0.296441,0.32305,honkyhornet,,,
17,0.587015,0.180217,0.232768,magnetmussel,,,
18,0.208139,0.413053,0.378808,mirrormoth,,,
19,0.178901,0.514906,0.306194,susancase1983,,,
20,0.147784,0.715779,0.136437,susancase1983,,,
21,0.367988,0.306849,0.325164,magnetmussel,,,
22,0.470744,0.240317,0.288939,honkyhornet,,,
23,0.270736,0.582286,0.146979,magnetmussel,,,
24,0.285934,0.539462,0.174604,magnetmussel,,,
25,0.666021,0.077035,0.256944,mirrormoth,,,
26,0.370857,0.44979,0.179353,magnetmussel,,,
27,0.331079,0.310917,0.358004,honkyhornet,,,
28,0.246802,0.363982,0.389217,susancase1983,,,
29,0.559625,0.166731,0.273644,honkyhornet,,,
30,0.071984,0.809745,0.118271,mirrormoth,,,
31,0.409869,0.048985,0.541146,magnetmussel,,,
32,0.431071,0.053115,0.515815,honkyhornet,,,
33,0.152274,0.375939,0.471787,mirrormoth,,,
34,0.057807,0.375191,0.567002,mirrormoth,,,
35,0.495922,0.155091,0.348987,honkyhornet,,,
36,0.348208,0.411491,0.240301,susancase1983,,,
37,0.191438,0.488368,0.320194,magnetmussel,,,
38,0.649997,0.194956,0.155047,susancase1983,,,
39,0.223555,0.293617,0.482828,susancase1983,,,
40,0.645691,0.094678,0.259632,magnetmussel,,,
41,0.552691,0.086925,0.360384,honkyhornet,,,
42,0.626599,0.071586,0.301814,honkyhornet,,,
43,0.07041,0.32852,0.60107,mirrormoth,,,
44,0.279457,0.470212,0.25033,susancase1983,,,
children_devicesC,User1,User2,User3,user,,,
0,0.333333,0.333333,0.333333,magnetmussel,,,
1,0.333333,0.333333,0.333333,magnetmussel,,,
2,1,0,0,honkyhornet,,,
3,1,0,0,magnetmussel,,,
4,0.396397,0.603603,0,susancase1983,,,
5,0.399537,0.600463,0,magnetmussel,,,
6,0.299997,0.44458,0.255422,mirrormoth,,,
7,0.234357,0.551422,0.214221,honkyhornet,,,
8,0.333182,0.358242,0.308576,susancase1983,,,
9,0.129003,0.049337,0.82166,magnetmussel,,,
10,0.291529,0.136552,0.571919,magnetmussel,,,
11,0.267243,0.390407,0.34235,honkyhornet,,,
12,0.483767,0.106035,0.410198,honkyhornet,,,
13,0.24832,0.519598,0.232082,magnetmussel,,,
14,0.086492,0.828406,0.085102,mirrormoth,,,
15,0.271216,0.345304,0.38348,susancase1983,,,
16,0.343777,0.112796,0.543427,magnetmussel,,,
17,0.333942,0.214647,0.451411,honkyhornet,,,
18,0.317621,0.349138,0.333241,susancase1983,,,
19,0.362739,0.390109,0.247152,magnetmussel,,,
20,0.321192,0.315474,0.363334,susancase1983,,,
21,0.120099,0.228766,0.651135,susancase1983,,,
22,0.419468,0.269571,0.310961,magnetmussel,,,
23,0.308416,0.344691,0.346894,honkyhornet,,,
24,0.248208,0.48505,0.266741,susancase1983,,,
25,0.433213,0.205441,0.361346,magnetmussel,,,
26,0.274269,0.158688,0.567042,magnetmussel,,,
27,0.129477,0.091193,0.779329,magnetmussel,,,
28,0.682461,0.190765,0.126773,mirrormoth,,,
29,0.269195,0.176353,0.554452,susancase1983,,,
30,0.549556,0.111458,0.338986,mirrormoth,,,
31,0.172657,0.461652,0.36569,magnetmussel,,,
32,0.121409,0.557141,0.32145,magnetmussel,,,
33,0.362511,0.329424,0.308065,magnetmussel,,,
34,0.242575,0.525448,0.231976,susancase1983,,,
35,0.308137,0.359259,0.332604,mirrormoth,,,
36,0.226275,0.544636,0.229089,susancase1983,,,
37,0.202335,0.451058,0.346607,mirrormoth,,,
38,0.149224,0.237398,0.613378,honkyhornet,,,
39,0.230044,0.277298,0.492657,susancase1983,,,
40,0.180563,0.536402,0.283035,honkyhornet,,,
41,0.370888,0.328383,0.300729,magnetmussel,,,
42,0.020034,0.886289,0.093678,mirrormoth,,,
43,0.349473,0.303877,0.34665,magnetmussel,,,
44,0.232432,0.392195,0.375373,susancase1983,,,
45,0.443279,0.278961,0.27776,honkyhornet,,,
46,0.102912,0.130585,0.766503,magnetmussel,,,
47,0.396012,0.114879,0.489108,susancase1983,,,
48,0.270429,0.320576,0.408995,magnetmussel,,,
49,0.24989,0.507672,0.242438,susancase1983,,,
50,0.241316,0.125161,0.633522,susancase1983,,,
51,0.175429,0.103974,0.720597,susancase1983,,,
52,0.165867,0.100615,0.733518,mirrormoth,,,
53,0.024972,0.015408,0.95962,susancase1983,,,
54,0.263519,0.162974,0.573507,mirrormoth,,,
55,0.363517,0.290189,0.346294,honkyhornet,,,
56,0.221086,0.087389,0.691524,mirrormoth,,,
57,0.134564,0.054402,0.811034,susancase1983,,,
58,0.172973,0.072193,0.754834,susancase1983,,,
59,0.119593,0.054028,0.826379,mirrormoth,,,
60,0.148677,0.061141,0.790183,susancase1983,,,
61,0.112597,0.588787,0.298615,honkyhornet,,,
62,0.280799,0.573713,0.145488,magnetmussel,,,
63,0.366357,0.391451,0.242192,magnetmussel,,,
64,0.284426,0.179986,0.535588,susancase1983,,,
65,0.302152,0.262304,0.435544,susancase1983,,,
66,0.09763,0.754848,0.147522,honkyhornet,,,
67,0.105217,0.745838,0.148945,susancase1983,,,
68,0.485029,0.183179,0.331792,susancase1983,,,
69,0.180621,0.537437,0.281941,magnetmussel,,,
70,0.453998,0.31275,0.233253,honkyhornet,,,
71,0.31099,0.162428,0.526582,mirrormoth,,,
72,0.171601,0.514574,0.313824,magnetmussel,,,
73,0.225627,0.625485,0.148888,honkyhornet,,,
74,0.507133,0.285201,0.207666,susancase1983,,,
ketchup_vs_mustardC,User1,User2,User3,user,,,
0,0.333333,0.333333,0.333333,magnetmussel,,,
1,0.333333,0.333333,0.333333,magnetmussel,,,
2,0.333333,0.333333,0.333333,magnetmussel,,,
3,1,0,0,susancase1983,,,
4,1,0,0,susancase1983,,,
5,1,0,0,magnetmussel,,,
6,0.578508,0.421492,0,honkyhornet,,,
7,0.359055,0.640945,0,magnetmussel,,,
8,0.502499,0.497501,0,susancase1983,,,
9,0.206822,0.793178,0,magnetmussel,,,
10,0.423295,0.576705,0,magnetmussel,,,
11,0.384943,0.615057,0,magnetmussel,,,
12,0.26596,0.73404,0,susancase1983,,,
13,0.310918,0.689082,0,magnetmussel,,,
14,0.26237,0.343832,0.393798,mirrormoth,,,
15,0.572143,0.210135,0.217723,honkyhornet,,,
16,0.279535,0.639713,0.080752,susancase1983,,,
17,0.336205,0.5573,0.106494,susancase1983,,,
18,0.428202,0.305937,0.265861,mirrormoth,,,
19,0.669494,0.279147,0.051359,magnetmussel,,,
20,0.292812,0.272209,0.434979,susancase1983,,,
21,0.365141,0.303528,0.33133,mirrormoth,,,
22,0.277037,0.270439,0.452523,susancase1983,,,
23,0.396886,0.500301,0.102814,susancase1983,,,
24,0.386585,0.29739,0.316025,mirrormoth,,,
25,0.284079,0.295148,0.420772,magnetmussel,,,
26,0.127013,0.602774,0.270213,susancase1983,,,
27,0.781365,0.149271,0.069364,magnetmussel,,,
28,0.518126,0.288976,0.192898,susancase1983,,,
29,0.313956,0.268301,0.417743,honkyhornet,,,
30,0.470797,0.098334,0.430868,susancase1983,,,
31,0.165963,0.568725,0.265312,honkyhornet,,,
32,0.179607,0.4658,0.354593,mirrormoth,,,
33,0.3665,0.308321,0.325179,magnetmussel,,,
34,0.845674,0.08131,0.073016,honkyhornet,,,
35,0.732182,0.040139,0.227679,magnetmussel,,,
36,0.391195,0.152937,0.455868,susancase1983,,,
37,0.057175,0.891626,0.051199,susancase1983,,,
pineapple_on_pizzaC,User1,User2,User3,user,,,
0,0.333333,0.333333,0.333333,magnetmussel,,,
1,0.333333,0.333333,0.333333,magnetmussel,,,
2,1,0,0,susancase1983,,,
3,0.486359,0.513641,0,honkyhornet,,,
4,0.371372,0.628628,0,magnetmussel,,,
5,0.444099,0.555901,0,magnetmussel,,,
6,0.077048,0.289995,0.632957,mirrormoth,,,
7,0.171947,0.41214,0.415913,susancase1983,,,
8,0.037401,0.056138,0.906461,honkyhornet,,,
9,0.118058,0.308682,0.57326,mirrormoth,,,
10,0.874591,0.068937,0.056472,susancase1983,,,
11,0.144357,0.35184,0.503803,susancase1983,,,
12,0.453088,0.167788,0.379124,mirrormoth,,,
13,0.18063,0.593781,0.225589,honkyhornet,,,
14,0.308128,0.492803,0.199069,magnetmussel,,,
15,0.129951,0.225194,0.644855,susancase1983,,,
16,0.167762,0.320646,0.511592,susancase1983,,,
17,0.54148,0.266338,0.192183,magnetmussel,,,
18,0.228678,0.122492,0.64883,susancase1983,,,
19,0.205571,0.141555,0.652874,susancase1983,,,
20,0.273966,0.199067,0.526967,magnetmussel,,,
21,0.390249,0.153759,0.455991,honkyhornet,,,
22,0.302122,0.090836,0.607043,mirrormoth,,,
23,0.513497,0.232406,0.254096,susancase1983,,,
24,0.413168,0.284764,0.302068,magnetmussel,,,
25,0.045918,0.124172,0.82991,mirrormoth,,,
26,0.08119,0.414954,0.503856,susancase1983,,,
27,0.074222,0.388374,0.537404,mirrormoth,,,
28,0.198553,0.400114,0.401333,magnetmussel,,,
29,0.590295,0.119195,0.29051,honkyhornet,,,
30,0.380496,0.354993,0.264512,susancase1983,,,
31,0.497101,0.270106,0.232793,magnetmussel,,,
32,0.239841,0.610461,0.149698,honkyhornet,,,
33,0.437013,0.429794,0.133193,susancase1983,,,
34,0.447719,0.366768,0.185513,susancase1983,,,
35,0.586483,0.291339,0.122178,magnetmussel,,,
36,0.125066,0.109745,0.765189,honkyhornet,,,
37,0.266801,0.395433,0.337766,magnetmussel,,,
38,0.092139,0.435132,0.472728,susancase1983,,,
children_devicesP,User1,User2,User3,user,,,
0,0.333333,0.333333,0.333333,koolkapel,,,
1,1,0,0,nationalyuity,,,
2,1,0,0,nationalyuity,,,
3,0.674372,0.325628,0,anklefuvet,,,
4,0.531633,0.468367,0,nationalyuity,,,
5,0.569065,0.430935,0,nationalyuity,,,
6,0.546181,0.453819,0,koolkapel,,,
7,0.475385,0.282257,0.242358,copperbrilly,,,
8,0.298078,0.325941,0.375981,anklefuvet,,,
9,0.374693,0.243081,0.382226,nationalyuity,,,
10,0.47804,0.149215,0.372745,copperbrilly,,,
11,0.688445,0.117818,0.193737,nationalyuity,,,
12,0.203912,0.121631,0.674457,koolkapel,,,
13,0.313088,0.381939,0.304973,anklefuvet,,,
14,0.35649,0.190986,0.452523,anklefuvet,,,
15,0.376824,0.277374,0.345802,nationalyuity,,,
16,0.500787,0.164751,0.334462,nationalyuity,,,
17,0.404798,0.237593,0.35761,nationalyuity,,,
18,0.367817,0.243329,0.388854,koolkapel,,,
19,0.290233,0.297573,0.412195,nationalyuity,,,
20,0.408323,0.274448,0.317229,koolkapel,,,
21,0.125077,0.579924,0.294999,nationalyuity,,,
22,0.088972,0.299122,0.611906,nationalyuity,,,
23,0.063496,0.644054,0.292449,nationalyuity,,,
24,0.023967,0.889137,0.086896,nationalyuity,,,
25,0.240824,0.275565,0.483611,anklefuvet,,,
26,0.172837,0.197595,0.629568,copperbrilly,,,
27,0.073875,0.68116,0.244965,nationalyuity,,,
28,0.087723,0.527133,0.385144,nationalyuity,,,
29,0.101314,0.661737,0.236948,nationalyuity,,,
30,0.314365,0.371176,0.314459,anklefuvet,,,
31,0.234478,0.379656,0.385866,nationalyuity,,,
32,0.289606,0.279051,0.431343,nationalyuity,,,
33,0.488037,0.235351,0.276611,copperbrilly,,,
34,0.257462,0.304854,0.437685,nationalyuity,,,
35,0.333463,0.311309,0.355228,koolkapel,,,
36,0.044458,0.616216,0.339326,anklefuvet,,,
37,0.046896,0.650018,0.303086,nationalyuity,,,
38,0.048847,0.700296,0.250857,nationalyuity,,,
39,0.037775,0.6966,0.265624,nationalyuity,,,
40,0.352092,0.308003,0.339905,koolkapel,,,
41,0.073776,0.198199,0.728024,anklefuvet,,,
42,0.185208,0.382275,0.432517,nationalyuity,,,
43,0.115129,0.461691,0.423179,nationalyuity,,,
44,0.124303,0.586381,0.289316,anklefuvet,,,
45,0.105223,0.593484,0.301293,nationalyuity,,,
46,0.126913,0.224071,0.649016,nationalyuity,,,
47,0.162185,0.676129,0.161686,koolkapel,,,
48,0.326522,0.573004,0.100474,nationalyuity,,,
49,0.22301,0.704798,0.072191,anklefuvet,,,
50,0.308023,0.534042,0.157934,anklefuvet,,,
51,0.551992,0.305134,0.142874,nationalyuity,,,
52,0.837196,0.114533,0.048272,koolkapel,,,
53,0.359269,0.552588,0.088143,copperbrilly,,,
54,0.393656,0.156657,0.449687,nationalyuity,,,
55,0.206614,0.122899,0.670487,koolkapel,,,
56,0.428951,0.156507,0.414542,nationalyuity,,,
57,0.579218,0.127271,0.29351,koolkapel,,,
58,0.379982,0.479766,0.140252,copperbrilly,,,
59,0.524594,0.1562,0.319206,nationalyuity,,,
60,0.138534,0.682706,0.17876,nationalyuity,,,
61,0.263962,0.181488,0.55455,nationalyuity,,,
62,0.201717,0.654554,0.143729,koolkapel,,,
ketchup_vs_mustardP,User1,User2,User3,user,,,
0,0.333333,0.333333,0.333333,koolkapel,,,
1,0.333333,0.333333,0.333333,koolkapel,,,
2,1,0,0,nationalyuity,,,
3,0.759307,0.240693,0,anklefuvet,,,
4,0.469811,0.530189,0,koolkapel,,,
5,0.469695,0.530305,0,nationalyuity,,,
6,0.363346,0.636654,0,anklefuvet,,,
7,0.66805,0.33195,0,koolkapel,,,
8,0.74143,0.25857,0,nationalyuity,,,
9,0.815523,0.184477,0,nationalyuity,,,
10,0.647091,0.352909,0,koolkapel,,,
11,0.862677,0.137323,0,nationalyuity,,,
12,0.541474,0.458526,0,anklefuvet,,,
13,0.598609,0.401391,0,nationalyuity,,,
14,0.428192,0.571808,0,koolkapel,,,
15,0.239757,0.249403,0.510839,copperbrilly,,,
16,0.646535,0.217675,0.13579,koolkapel,,,
17,0.159569,0.40107,0.439361,nationalyuity,,,
18,0.081691,0.193128,0.725181,anklefuvet,,,
19,0.222914,0.371784,0.405302,koolkapel,,,
20,0.304838,0.354974,0.340189,nationalyuity,,,
21,0.282981,0.369435,0.347584,nationalyuity,,,
22,0.205731,0.381502,0.412767,koolkapel,,,
23,0.160916,0.324406,0.514678,anklefuvet,,,
24,0.214196,0.440382,0.345422,nationalyuity,,,
25,0.194165,0.478996,0.326839,nationalyuity,,,
26,0.450478,0.303907,0.245615,koolkapel,,,
27,0.096632,0.384031,0.519338,nationalyuity,,,
28,0.194707,0.39603,0.409263,anklefuvet,,,
29,0.399379,0.139383,0.461238,koolkapel,,,
30,0.282832,0.104545,0.612623,nationalyuity,,,
31,0.260834,0.391938,0.347228,koolkapel,,,
32,0.307182,0.23514,0.457679,nationalyuity,,,
33,0.63798,0.170036,0.191984,nationalyuity,,,
pineapple_on_pizzaP,User1,User2,User3,user,,,
0,0.333333,0.333333,0.333333,nationalyuity,,,
1,1,0,0,anklefuvet,,,
2,1,0,0,anklefuvet,,,
3,1,0,0,nationalyuity,,,
4,0.50067,0.49933,0,copperbrilly,,,
5,0.514351,0.485649,0,copperbrilly,,,
6,0.567565,0.432435,0,anklefuvet,,,
7,0.307535,0.692465,0,nationalyuity,,,
8,0.527934,0.472066,0,nationalyuity,,,
9,0.555975,0.444025,0,anklefuvet,,,
10,0.576141,0.423859,0,anklefuvet,,,
11,0.383303,0.616697,0,nationalyuity,,,
12,0.5726,0.4274,0,anklefuvet,,,
