aiA,Borys Lang,Attack Helicopter,manymagpie,moonmoth,user
0,0.333333333,0.333333333,0.333333333,Borys Lang
1,1,0,0,Attack Helicopter
2,1,0,0,Borys Lang
3,1,0,0,Attack Helicopter
4,1,0,0,Borys Lang
5,0.236659982,0.763340018,0,manymagpie
6,0.607401411,0.392598589,0,Attack Helicopter
7,0.843623302,0.156376698,0,Borys Lang
8,0.313336417,0.686663583,0,Attack Helicopter
9,0.251454606,0.748545394,0,Borys Lang
10,0.491190562,0.508809438,0,Attack Helicopter
11,0.286359017,0.713640983,0,manymagpie
12,0.503394053,0.496605947,0,manymagpie
13,0.603536538,0.396463462,0,Borys Lang
14,0.273864041,0.726135959,0,manymagpie
15,0.743938502,0.256061498,0,Borys Lang
16,0.238738708,0.761261292,0,manymagpie
17,0.453178345,0.546821655,0,Borys Lang
18,0.533263999,0.466736001,0,Attack Helicopter
19,0.94303871,0.05696129,0,manymagpie
20,0.528630879,0.471369121,0,Attack Helicopter
21,0.398007661,0.601992339,0,Borys Lang
22,0.365336338,0.217129771,0.41753389,moonmoth
23,0.803427383,0.133941702,0.062630915,Attack Helicopter
24,0.40642529,0.450445882,0.143128828,manymagpie
25,0.398666955,0.426946705,0.17438634,manymagpie
26,0.433558304,0.187793561,0.378648136,Attack Helicopter
27,0.346526035,0.11590074,0.537573225,Borys Lang
28,0.221632931,0.566978136,0.211388933,Attack Helicopter
29,0.378208135,0.251411395,0.370380469,manymagpie
30,0.309782755,0.379054706,0.311162539,Attack Helicopter
31,0.309635095,0.379231022,0.311133883,Attack Helicopter
32,0.543944731,0.120744212,0.335311057,manymagpie
33,0.367312942,0.264719069,0.367967988,moonmoth
34,0.532996875,0.346721858,0.120281268,Attack Helicopter
35,0.212034822,0.209929179,0.578035999,Attack Helicopter
36,0.277600178,0.276860565,0.445539257,Attack Helicopter
37,0.112313976,0.117302755,0.770383269,Attack Helicopter
38,0.204343405,0.212413036,0.583243558,Attack Helicopter
39,0.150216735,0.152059836,0.697723428,Attack Helicopter
40,0.159180854,0.685959935,0.154859211,moonmoth
41,0.312286545,0.399834853,0.287878602,Borys Lang
42,0.067984453,0.553300359,0.378715187,manymagpie
43,0.325967295,0.244674494,0.429358211,Borys Lang
44,0.147370432,0.515487562,0.337142006,Attack Helicopter
45,0.343711765,0.392727953,0.263560282,Borys Lang
46,0.364409269,0.363404779,0.272185951,manymagpie
47,0.121958585,0.180785555,0.69725586,Attack Helicopter
48,0.380867952,0.162850636,0.456281412,Borys Lang
49,0.405828706,0.312559694,0.2816116,manymagpie
50,0.326221718,0.228433692,0.445344591,Attack Helicopter
51,0.127368887,0.60160616,0.271024952,Borys Lang
52,0.580025122,0.153548503,0.266426376,manymagpie
53,0.41333125,0.24050726,0.34616149,Attack Helicopter
54,0.17442518,0.713599458,0.111975362,manymagpie
55,0.229226654,0.215161509,0.555611838,Borys Lang
56,0.202915398,0.528280779,0.268803823,manymagpie
57,0.3429933,0.476856005,0.180150694,Borys Lang
58,0.51956878,0.310810515,0.169620705,Borys Lang
59,0.344258863,0.480021816,0.175719321,Borys Lang
60,0.39925615,0.338378154,0.262365697,Attack Helicopter
61,0.625252041,0.154991757,0.219756202,manymagpie
62,0.24187558,0.213358815,0.544765604,Attack Helicopter
63,0.190040474,0.204775555,0.605183971,Borys Lang
64,0.416167046,0.333992431,0.249840523,Attack Helicopter
65,0.358490259,0.080684027,0.560825715,Attack Helicopter
66,0.40926281,0.296776408,0.293960782,moonmoth
67,0.311375579,0.216679459,0.471944962,manymagpie
68,0.406184584,0.290717861,0.303097555,Attack Helicopter
69,0.277397954,0.34743724,0.375164806,Borys Lang
70,0.085422967,0.551633389,0.362943644,Borys Lang
71,0.55124145,0.310200644,0.138557906,Attack Helicopter
aiA,Borys Lang,Attack Helicopter,manymagpie,moonmoth,user
0,0.333333333,0.333333333,0.333333333,Borys Lang
1,1,0,0,Attack Helicopter
2,1,0,0,Borys Lang
3,1,0,0,Attack Helicopter
4,1,0,0,Borys Lang
5,0.553527705,0.446472295,0,manymagpie
6,0.705018926,0.294981074,0,Attack Helicopter
7,0.655123098,0.344876902,0,Borys Lang
8,0.27739348,0.72260652,0,Attack Helicopter
9,0.469315075,0.530684925,0,Borys Lang
10,0.543253341,0.456746659,0,Attack Helicopter
11,0.284381425,0.715618575,0,manymagpie
12,0.774909256,0.225090744,0,manymagpie
13,0.60967569,0.39032431,0,Borys Lang
14,0.254416249,0.745583751,0,manymagpie
15,0.69542483,0.30457517,0,Borys Lang
16,0.341715086,0.658284914,0,manymagpie
17,0.357314745,0.642685255,0,Borys Lang
18,0.536656409,0.463343591,0,Attack Helicopter
19,0.83984813,0.16015187,0,manymagpie
20,0.542266692,0.457733308,0,Attack Helicopter
21,0.253730806,0.746269194,0,Borys Lang
22,0.375433685,0.153772225,0.47079409,moonmoth
23,0.452290687,0.317497568,0.230211746,Attack Helicopter
24,0.254065039,0.600719941,0.145215019,manymagpie
25,0.325853953,0.476533176,0.197612871,manymagpie
26,0.364033139,0.215081212,0.42088565,Attack Helicopter
27,0.442297547,0.163568308,0.394134145,Borys Lang
28,0.198679646,0.542140624,0.259179729,Attack Helicopter
29,0.335214147,0.325241918,0.339543935,manymagpie
30,0.305737041,0.351371067,0.342891892,Attack Helicopter
31,0.304640826,0.351733435,0.343625739,Attack Helicopter
32,0.332453222,0.115470269,0.552076509,manymagpie
33,0.356734439,0.309003488,0.334262073,moonmoth
34,0.436184714,0.366399983,0.197415304,Attack Helicopter
35,0.2028398,0.189629314,0.607530886,Attack Helicopter
36,0.292713307,0.240173024,0.467113669,Attack Helicopter
37,0.267355175,0.222783653,0.509861172,Attack Helicopter
38,0.177031583,0.172826597,0.65014182,Attack Helicopter
39,0.143184787,0.136346536,0.720468677,Attack Helicopter
40,0.177520166,0.663562419,0.158917415,moonmoth
41,0.322183194,0.377342903,0.300473903,Borys Lang
42,0.069444353,0.550563643,0.379992004,manymagpie
43,0.325970486,0.228274469,0.445755045,Borys Lang
44,0.151896992,0.52790026,0.320202747,Attack Helicopter
45,0.342457645,0.421031928,0.236510428,Borys Lang
46,0.415218904,0.373675201,0.211105895,manymagpie
47,0.139641471,0.200905092,0.659453438,Attack Helicopter
48,0.491346844,0.177119558,0.331533598,Borys Lang
49,0.385510475,0.307858358,0.306631167,manymagpie
50,0.310762511,0.20459219,0.484645299,Attack Helicopter
51,0.08546852,0.761295136,0.153236344,Borys Lang
52,0.736611661,0.098104236,0.165284103,manymagpie
53,0.387434333,0.304541829,0.308023838,Attack Helicopter
54,0.352724595,0.37264035,0.274635055,manymagpie
55,0.193531357,0.201571537,0.604897106,Borys Lang
56,0.195177289,0.60730121,0.197521501,manymagpie
57,0.340310787,0.505107695,0.154581518,Borys Lang
58,0.322715658,0.337223439,0.340060903,Borys Lang
59,0.343862967,0.529179114,0.126957919,Borys Lang
60,0.389407696,0.36259712,0.247995184,Attack Helicopter
61,0.569802643,0.215771877,0.214425479,manymagpie
62,0.249159711,0.224625698,0.526214591,Attack Helicopter
63,0.184033377,0.279816063,0.53615056,Borys Lang
64,0.454576535,0.312305514,0.23311795,Attack Helicopter
65,0.295604883,0.104925218,0.599469898,Attack Helicopter
66,0.423815379,0.287791201,0.288393421,moonmoth
67,0.373661981,0.298288478,0.328049541,manymagpie
68,0.405897599,0.254961797,0.339140604,Attack Helicopter
69,0.316124052,0.229931973,0.453943976,Borys Lang
70,0.188074316,0.278898809,0.533026874,Borys Lang
71,0.493735284,0.186386999,0.319877717,Attack Helicopter
aiA,Borys Lang,Attack Helicopter,manymagpie,moonmoth,user
0,0.333333333,0.333333333,0.333333333,Borys Lang
1,1,0,0,Attack Helicopter
2,1,0,0,Borys Lang
3,1,0,0,Attack Helicopter
4,1,0,0,Borys Lang
5,0.628378827,0.371621173,0,manymagpie
6,0.609825362,0.390174638,0,Attack Helicopter
7,0.837239024,0.162760976,0,Borys Lang
8,0.325239338,0.674760662,0,Attack Helicopter
9,0.579251664,0.420748336,0,Borys Lang
10,0.544357308,0.455642692,0,Attack Helicopter
11,0.283399458,0.716600542,0,manymagpie
12,0.568367954,0.431632046,0,manymagpie
13,0.613218629,0.386781371,0,Borys Lang
14,0.279490253,0.720509747,0,manymagpie
15,0.752697694,0.247302306,0,Borys Lang
16,0.32880255,0.67119745,0,manymagpie
17,0.349921487,0.650078513,0,Borys Lang
18,0.503907149,0.496092851,0,Attack Helicopter
19,0.814394861,0.185605139,0,manymagpie
20,0.597614254,0.402385746,0,Attack Helicopter
21,0.364503328,0.635496672,0,Borys Lang
22,0.347672249,0.14550451,0.506823241,moonmoth
23,0.448449434,0.330703309,0.220847257,Attack Helicopter
24,0.293028985,0.539252241,0.167718774,manymagpie
25,0.309565103,0.504751649,0.185683248,manymagpie
26,0.486077087,0.185838526,0.328084387,Attack Helicopter
27,0.16991415,0.097676945,0.732408904,Borys Lang
28,0.180456569,0.622097615,0.197445816,Attack Helicopter
29,0.325322578,0.267155295,0.407522127,manymagpie
30,0.323770831,0.340839115,0.335390054,Attack Helicopter
31,0.323307042,0.341265188,0.33542777,Attack Helicopter
32,0.482655354,0.05290223,0.464442416,manymagpie
33,0.379700599,0.299447111,0.320852289,moonmoth
34,0.41653262,0.393353691,0.190113688,Attack Helicopter
35,0.194759161,0.172769157,0.632471682,Attack Helicopter
36,0.330499681,0.291492326,0.378007993,Attack Helicopter
37,0.24081007,0.189575651,0.569614278,Attack Helicopter
38,0.168154506,0.148853955,0.682991539,Attack Helicopter
39,0.080088807,0.068610661,0.851300532,Attack Helicopter
40,0.1560248,0.705399795,0.138575405,moonmoth
41,0.327476247,0.354831833,0.31769192,Borys Lang
42,0.056433108,0.527115868,0.416451024,manymagpie
43,0.336034112,0.228389242,0.435576646,Borys Lang
44,0.14555307,0.515194275,0.339252655,Attack Helicopter
45,0.3514361,0.369633998,0.278929902,Borys Lang
46,0.26907783,0.492727987,0.238194183,manymagpie
47,0.055031629,0.092083695,0.852884675,Attack Helicopter
48,0.430840208,0.19907124,0.370088552,Borys Lang
49,0.433343263,0.293867182,0.272789555,manymagpie
50,0.313455952,0.214053274,0.472490774,Attack Helicopter
51,0.127906889,0.675167844,0.196925267,Borys Lang
52,0.44153996,0.210213783,0.348246256,manymagpie
53,0.328098755,0.248881867,0.423019378,Attack Helicopter
54,0.188753518,0.529494182,0.2817523,manymagpie
55,0.188264721,0.200559757,0.611175522,Borys Lang
56,0.167860777,0.634644189,0.197495034,manymagpie
57,0.342687044,0.459592809,0.197720147,Borys Lang
58,0.335553003,0.358184779,0.306262218,Borys Lang
59,0.319599738,0.497963872,0.18243639,Borys Lang
60,0.387614876,0.345706555,0.266678569,Attack Helicopter
61,0.596265236,0.188484666,0.215250097,manymagpie
62,0.26559914,0.22459476,0.5098061,Attack Helicopter
63,0.156162301,0.20992856,0.633909139,Borys Lang
64,0.391425636,0.345024229,0.263550134,Attack Helicopter
65,0.326064592,0.097971706,0.575963702,Attack Helicopter
66,0.429108794,0.311818699,0.259072507,moonmoth
67,0.354076346,0.242371604,0.40355205,manymagpie
68,0.419342554,0.259570749,0.321086697,Attack Helicopter
69,0.281241426,0.274518987,0.444239587,Borys Lang
70,0.120657891,0.519786384,0.359555725,Borys Lang
71,0.642045006,0.216839509,0.141115485,Attack Helicopter
aiA,Borys Lang,Attack Helicopter,manymagpie,moonmoth,user
0,0.333333333,0.333333333,0.333333333,Borys Lang
1,1,0,0,Attack Helicopter
2,1,0,0,Borys Lang
3,1,0,0,Attack Helicopter
4,1,0,0,Borys Lang
5,0.375279426,0.624720574,0,manymagpie
6,0.594789567,0.405210433,0,Attack Helicopter
7,0.852855223,0.147144777,0,Borys Lang
8,0.422598299,0.577401701,0,Attack Helicopter
9,0.552721345,0.447278655,0,Borys Lang
10,0.627604815,0.372395185,0,Attack Helicopter
11,0.354220739,0.645779261,0,manymagpie
12,0.731511498,0.268488502,0,manymagpie
13,0.582650123,0.417349877,0,Borys Lang
14,0.254186248,0.745813752,0,manymagpie
15,0.673249209,0.326750791,0,Borys Lang
16,0.284951956,0.715048044,0,manymagpie
17,0.498300115,0.501699885,0,Borys Lang
18,0.550504876,0.449495124,0,Attack Helicopter
19,0.859609219,0.140390781,0,manymagpie
20,0.504819389,0.495180611,0,Attack Helicopter
21,0.36938035,0.63061965,0,Borys Lang
22,0.310631037,0.275309613,0.414059351,moonmoth
23,0.300329061,0.445230265,0.254440674,Attack Helicopter
24,0.416470469,0.420211953,0.163317578,manymagpie
25,0.391483441,0.421265291,0.187251268,manymagpie
26,0.43232279,0.268242451,0.29943476,Attack Helicopter
27,0.389038575,0.186036719,0.424924706,Borys Lang
28,0.163712039,0.693385165,0.142902796,Attack Helicopter
29,0.409907319,0.337460691,0.25263199,manymagpie
30,0.315807964,0.368966682,0.315225354,Attack Helicopter
31,0.315905077,0.370840285,0.313254638,Attack Helicopter
32,0.627734135,0.116252765,0.2560131,manymagpie
33,0.372626364,0.299351628,0.328022008,moonmoth
34,0.638352755,0.280326067,0.081321178,Attack Helicopter
35,0.200479811,0.189090899,0.61042929,Attack Helicopter
36,0.313117318,0.28586164,0.401021042,Attack Helicopter
37,0.116990423,0.106280884,0.776728693,Attack Helicopter
38,0.185588698,0.172971598,0.641439703,Attack Helicopter
39,0.173438114,0.167142253,0.659419632,Attack Helicopter
40,0.161178908,0.686554599,0.152266493,moonmoth
41,0.324828521,0.367348299,0.30782318,Borys Lang
42,0.089742008,0.555753664,0.354504327,manymagpie
43,0.331682636,0.226447893,0.441869471,Borys Lang
44,0.141799163,0.466119403,0.392081434,Attack Helicopter
45,0.346568124,0.406114262,0.247317613,Borys Lang
46,0.524878114,0.280760204,0.194361682,manymagpie
47,0.071397117,0.092184967,0.836417917,Attack Helicopter
48,0.424338795,0.174991724,0.400669481,Borys Lang
49,0.418977849,0.297562387,0.283459764,manymagpie
50,0.313381816,0.224747185,0.461870999,Attack Helicopter
51,0.105854265,0.67608603,0.218059705,Borys Lang
52,0.650435312,0.126028646,0.223536042,manymagpie
53,0.43092721,0.248586602,0.320486188,Attack Helicopter
54,0.20012755,0.574468368,0.225404082,manymagpie
55,0.201925107,0.248414491,0.549660401,Borys Lang
56,0.203532831,0.547320515,0.249146654,manymagpie
57,0.347023055,0.476813162,0.176163783,Borys Lang
58,0.384905174,0.290246873,0.324847953,Borys Lang
59,0.404817025,0.428153429,0.167029546,Borys Lang
60,0.396880025,0.349592966,0.25352701,Attack Helicopter
61,0.633607466,0.183707887,0.182684647,manymagpie
62,0.257598663,0.214741128,0.527660209,Attack Helicopter
63,0.177211085,0.226343765,0.59644515,Borys Lang
64,0.459391068,0.282984702,0.25762423,Attack Helicopter
65,0.292030589,0.090557777,0.617411634,Attack Helicopter
66,0.445389426,0.302677215,0.251933359,moonmoth
67,0.257932406,0.215617971,0.526449623,manymagpie
68,0.403116021,0.272402987,0.324480991,Attack Helicopter
69,0.285168418,0.285421694,0.429409889,Borys Lang
70,0.139232515,0.287902141,0.572865344,Borys Lang
71,0.390747948,0.250217685,0.359034367,Attack Helicopter
aiA,Borys Lang,Attack Helicopter,manymagpie,moonmoth,user
0,0.333333333,0.333333333,0.333333333,Borys Lang
1,1,0,0,Attack Helicopter
2,1,0,0,Borys Lang
3,1,0,0,Attack Helicopter
4,1,0,0,Borys Lang
5,0.527987601,0.472012399,0,manymagpie
6,0.527316235,0.472683765,0,Attack Helicopter
7,0.726953763,0.273046237,0,Borys Lang
8,0.390035967,0.609964033,0,Attack Helicopter
9,0.651752932,0.348247068,0,Borys Lang
10,0.499517973,0.500482027,0,Attack Helicopter
11,0.305473633,0.694526367,0,manymagpie
12,0.470871535,0.529128465,0,manymagpie
13,0.589211857,0.410788143,0,Borys Lang
14,0.262197054,0.737802946,0,manymagpie
15,0.702248659,0.297751341,0,Borys Lang
16,0.294871179,0.705128821,0,manymagpie
17,0.430997436,0.569002564,0,Borys Lang
18,0.534793586,0.465206414,0,Attack Helicopter
19,0.847206629,0.152793371,0,manymagpie
20,0.532127818,0.467872182,0,Attack Helicopter
21,0.370990878,0.629009122,0,Borys Lang
22,0.349196849,0.215143538,0.435659614,moonmoth
23,0.541026672,0.338014664,0.120958664,Attack Helicopter
24,0.392164069,0.461826168,0.146009764,manymagpie
25,0.398166146,0.442638015,0.159195838,manymagpie
26,0.394080892,0.284774742,0.321144366,Attack Helicopter
27,0.587076192,0.151839007,0.261084801,Borys Lang
28,0.110334265,0.778858436,0.110807298,Attack Helicopter
29,0.566071048,0.164211366,0.269717586,manymagpie
30,0.314914727,0.351636322,0.333448951,Attack Helicopter
31,0.315621769,0.351246485,0.333131746,Attack Helicopter
32,0.598016537,0.109252298,0.292731164,manymagpie
33,0.361054904,0.323243951,0.315701145,moonmoth
34,0.41498701,0.391288865,0.193724125,Attack Helicopter
35,0.180749305,0.163479356,0.655771338,Attack Helicopter
36,0.351707671,0.24729045,0.401001879,Attack Helicopter
37,0.154777382,0.138188891,0.707033727,Attack Helicopter
38,0.166571017,0.149042496,0.684386488,Attack Helicopter
39,0.118507771,0.102084487,0.779407742,Attack Helicopter
40,0.17798637,0.65568852,0.16632511,moonmoth
41,0.322774645,0.387903027,0.289322328,Borys Lang
42,0.116771588,0.544999226,0.338229186,manymagpie
43,0.335818457,0.219886366,0.444295177,Borys Lang
44,0.170210366,0.493569016,0.336220618,Attack Helicopter
45,0.346254362,0.401260121,0.252485517,Borys Lang
46,0.44495468,0.335290848,0.219754473,manymagpie
47,0.086642037,0.127402055,0.785955908,Attack Helicopter
48,0.484933469,0.166886963,0.348179567,Borys Lang
49,0.35950954,0.349083478,0.291406982,manymagpie
50,0.32847448,0.221476473,0.450049047,Attack Helicopter
51,0.087693553,0.744930845,0.167375602,Borys Lang
52,0.686512855,0.113761363,0.199725783,manymagpie
53,0.381280986,0.305010913,0.313708101,Attack Helicopter
54,0.296416679,0.382716466,0.320866854,manymagpie
55,0.182151243,0.285505771,0.532342986,Borys Lang
56,0.261096698,0.47353815,0.265365152,manymagpie
57,0.372527814,0.453355447,0.174116739,Borys Lang
58,0.439353639,0.246803014,0.313843346,Borys Lang
59,0.454262259,0.317712127,0.228025614,Borys Lang
60,0.413515101,0.337526016,0.248958883,Attack Helicopter
61,0.689306555,0.149993175,0.16070027,manymagpie
62,0.245012156,0.213707658,0.541280186,Attack Helicopter
63,0.219143059,0.224318024,0.556538917,Borys Lang
64,0.461916864,0.2738835,0.264199635,Attack Helicopter
65,0.381703972,0.088056014,0.530240014,Attack Helicopter
66,0.37867457,0.299743762,0.321581668,moonmoth
67,0.295162379,0.304304509,0.400533111,manymagpie
68,0.4248545,0.26965289,0.305492609,Attack Helicopter
69,0.274336982,0.291209175,0.434453843,Borys Lang
70,0.178418554,0.263485253,0.558096193,Borys Lang
71,0.380996822,0.225097124,0.393906054,Attack Helicopter
aiA,Borys Lang,Attack Helicopter,manymagpie,moonmoth,user
0,0.333333333,0.333333333,0.333333333,Borys Lang
1,1,0,0,Attack Helicopter
2,1,0,0,Borys Lang
3,1,0,0,Attack Helicopter
4,1,0,0,Borys Lang
5,0.466692565,0.533307435,0,manymagpie
6,0.516000131,0.483999869,0,Attack Helicopter
7,0.835890116,0.164109884,0,Borys Lang
8,0.321994466,0.678005534,0,Attack Helicopter
9,0.305900648,0.694099352,0,Borys Lang
10,0.538281324,0.461718676,0,Attack Helicopter
11,0.291857637,0.708142363,0,manymagpie
12,0.626068529,0.373931471,0,manymagpie
13,0.601564633,0.398435367,0,Borys Lang
14,0.286179927,0.713820073,0,manymagpie
15,0.735956975,0.264043025,0,Borys Lang
16,0.337606965,0.662393035,0,manymagpie
17,0.455295353,0.544704647,0,Borys Lang
18,0.539384,0.460616,0,Attack Helicopter
19,0.894698099,0.105301901,0,manymagpie
20,0.50253044,0.49746956,0,Attack Helicopter
21,0.414894108,0.585105892,0,Borys Lang
22,0.395259243,0.254097517,0.35064324,moonmoth
23,0.732285663,0.191860109,0.075854228,Attack Helicopter
24,0.38619386,0.524636333,0.089169806,manymagpie
25,0.394303833,0.43962861,0.166067557,manymagpie
26,0.492864047,0.196606129,0.310529825,Attack Helicopter
27,0.457628311,0.218722916,0.323648773,Borys Lang
28,0.178298701,0.649565208,0.172136091,Attack Helicopter
29,0.423421238,0.294054175,0.282524587,manymagpie
30,0.307553741,0.371840671,0.320605589,Attack Helicopter
31,0.306096484,0.372135804,0.321767713,Attack Helicopter
32,0.458321351,0.143200248,0.398478402,manymagpie
33,0.431184428,0.271525223,0.297290349,moonmoth
34,0.478970573,0.355573379,0.165456048,Attack Helicopter
35,0.2246023,0.184491099,0.590906601,Attack Helicopter
36,0.323455693,0.164990002,0.511554305,Attack Helicopter
37,0.260256309,0.235225604,0.504518087,Attack Helicopter
38,0.207873991,0.168110994,0.624015015,Attack Helicopter
39,0.205380622,0.177672907,0.61694647,Attack Helicopter
40,0.213245085,0.614738069,0.172016846,moonmoth
41,0.323267356,0.367720361,0.309012283,Borys Lang
42,0.08959201,0.477262461,0.433145529,manymagpie
43,0.316891755,0.249209547,0.433898698,Borys Lang
44,0.152493811,0.519838829,0.327667361,Attack Helicopter
45,0.361928104,0.385640498,0.252431398,Borys Lang
46,0.316846044,0.439619945,0.243534012,manymagpie
47,0.084728671,0.130844038,0.784427292,Attack Helicopter
48,0.49615241,0.182581541,0.321266049,Borys Lang
49,0.433411031,0.302879798,0.263709171,manymagpie
50,0.329771236,0.225860093,0.444368671,Attack Helicopter
51,0.080948372,0.755234508,0.163817119,Borys Lang
52,0.561330057,0.160222308,0.278447635,manymagpie
53,0.503610543,0.223295989,0.273093468,Attack Helicopter
54,0.197917434,0.683104189,0.118978377,manymagpie
55,0.24341382,0.252927316,0.503658865,Borys Lang
56,0.208368748,0.563199843,0.22843141,manymagpie
57,0.347631204,0.448207512,0.204161284,Borys Lang
58,0.440042814,0.299578757,0.260378429,Borys Lang
59,0.351462905,0.373512049,0.275025046,Borys Lang
60,0.395987627,0.36131724,0.242695132,Attack Helicopter
61,0.422102418,0.28878932,0.289108262,manymagpie
62,0.262791781,0.235922638,0.501285582,Attack Helicopter
63,0.180431692,0.28544334,0.534124968,Borys Lang
64,0.425805877,0.308721936,0.265472188,Attack Helicopter
65,0.254672066,0.081400444,0.66392749,Attack Helicopter
66,0.529909631,0.293804415,0.176285953,moonmoth
67,0.29220442,0.226863874,0.480931706,manymagpie
68,0.383805737,0.272612769,0.343581494,Attack Helicopter
69,0.238685838,0.270745854,0.490568308,Borys Lang
70,0.082579546,0.286825428,0.630595026,Borys Lang
71,0.320931693,0.38401527,0.295053037,Attack Helicopter
aiA,Borys Lang,Attack Helicopter,manymagpie,moonmoth,user
0,0.333333333,0.333333333,0.333333333,Borys Lang
1,1,0,0,Attack Helicopter
2,1,0,0,Borys Lang
3,1,0,0,Attack Helicopter
4,1,0,0,Borys Lang
5,0.421515982,0.578484018,0,manymagpie
6,0.612813262,0.387186738,0,Attack Helicopter
7,0.778018946,0.221981054,0,Borys Lang
8,0.269605567,0.730394433,0,Attack Helicopter
9,0.397486325,0.602513675,0,Borys Lang
10,0.522907722,0.477092278,0,Attack Helicopter
11,0.296395677,0.703604323,0,manymagpie
12,0.676180527,0.323819473,0,manymagpie
13,0.591881691,0.408118309,0,Borys Lang
14,0.271535455,0.728464545,0,manymagpie
15,0.734088072,0.265911928,0,Borys Lang
16,0.308579344,0.691420656,0,manymagpie
17,0.411890465,0.588109535,0,Borys Lang
18,0.559887628,0.440112372,0,Attack Helicopter
19,0.905031001,0.094968999,0,manymagpie
20,0.484212937,0.515787063,0,Attack Helicopter
21,0.322070246,0.677929754,0,Borys Lang
22,0.365663138,0.182879364,0.451457498,moonmoth
23,0.447813252,0.381047768,0.171138979,Attack Helicopter
24,0.31298007,0.506675058,0.180344873,manymagpie
25,0.33800509,0.45579349,0.20620142,manymagpie
26,0.368482151,0.178881782,0.452636066,Attack Helicopter
27,0.163904896,0.058668344,0.77742676,Borys Lang
28,0.239227976,0.517889415,0.242882608,Attack Helicopter
29,0.402806511,0.126523354,0.470670135,manymagpie
30,0.319024905,0.355366088,0.325609007,Attack Helicopter
31,0.319299554,0.354799658,0.325900789,Attack Helicopter
32,0.54327215,0.057082796,0.399645054,manymagpie
33,0.407048273,0.257248213,0.335703515,moonmoth
34,0.417301992,0.455458505,0.127239503,Attack Helicopter
35,0.239705501,0.208414602,0.551879897,Attack Helicopter
36,0.298991362,0.246297968,0.454710671,Attack Helicopter
37,0.259564781,0.202561129,0.53787409,Attack Helicopter
38,0.208771589,0.18269871,0.608529701,Attack Helicopter
39,0.193939104,0.164406429,0.641654468,Attack Helicopter
40,0.134537227,0.749321568,0.116141205,moonmoth
41,0.299789602,0.417172947,0.28303745,Borys Lang
42,0.106520833,0.514763409,0.378715758,manymagpie
43,0.348061013,0.210160217,0.441778769,Borys Lang
44,0.117371883,0.640068068,0.242560049,Attack Helicopter
45,0.351482436,0.398349432,0.250168133,Borys Lang
46,0.285060837,0.488767234,0.226171929,manymagpie
47,0.100765798,0.155346551,0.743887651,Attack Helicopter
48,0.388941114,0.222932926,0.388125959,Borys Lang
49,0.377452223,0.306379813,0.316167964,manymagpie
50,0.311289847,0.214712376,0.473997777,Attack Helicopter
51,0.103596487,0.701158046,0.195245467,Borys Lang
52,0.674748164,0.119747683,0.205504153,manymagpie
53,0.31972384,0.301998155,0.378278005,Attack Helicopter
54,0.205336646,0.426921696,0.367741658,manymagpie
55,0.195916058,0.270567638,0.533516304,Borys Lang
56,0.253932761,0.438870117,0.307197122,manymagpie
57,0.287981593,0.504046869,0.207971538,Borys Lang
58,0.347549594,0.35271761,0.299732796,Borys Lang
59,0.299563676,0.5060254,0.194410924,Borys Lang
60,0.399723224,0.357810356,0.24246642,Attack Helicopter
61,0.701044459,0.146337353,0.152618187,manymagpie
62,0.255952857,0.228619572,0.515427571,Attack Helicopter
63,0.192626122,0.297453803,0.509920075,Borys Lang
64,0.440946761,0.312739933,0.246313305,Attack Helicopter
65,0.411480639,0.12784355,0.460675811,Attack Helicopter
66,0.442807876,0.313981589,0.243210535,moonmoth
67,0.302622838,0.214646249,0.482730914,manymagpie
68,0.386347406,0.275980262,0.337672332,Attack Helicopter
69,0.281250378,0.281472003,0.437277619,Borys Lang
70,0.122514409,0.472067054,0.405418537,Borys Lang
71,0.612888281,0.198026952,0.189084768,Attack Helicopter
aiA,Borys Lang,Attack Helicopter,manymagpie,moonmoth,user
0,0.333333333,0.333333333,0.333333333,Borys Lang
1,1,0,0,Attack Helicopter
2,1,0,0,Borys Lang
3,1,0,0,Attack Helicopter
4,1,0,0,Borys Lang
5,0.58098342,0.41901658,0,manymagpie
6,0.620499761,0.379500239,0,Attack Helicopter
7,0.898220823,0.101779177,0,Borys Lang
8,0.263497629,0.736502371,0,Attack Helicopter
9,0.666128668,0.333871332,0,Borys Lang
10,0.569553074,0.430446926,0,Attack Helicopter
11,0.306054796,0.693945204,0,manymagpie
12,0.76477394,0.23522606,0,manymagpie
13,0.632991607,0.367008393,0,Borys Lang
14,0.289255386,0.710744614,0,manymagpie
15,0.688113295,0.311886705,0,Borys Lang
16,0.266963852,0.733036148,0,manymagpie
17,0.366970981,0.633029019,0,Borys Lang
18,0.528990924,0.471009076,0,Attack Helicopter
19,0.845319218,0.154680782,0,manymagpie
20,0.596018233,0.403981767,0,Attack Helicopter
21,0.300048028,0.699951972,0,Borys Lang
22,0.34593694,0.197865201,0.456197859,moonmoth
23,0.455536438,0.325579228,0.218884334,Attack Helicopter
24,0.29621527,0.551831787,0.151952943,manymagpie
25,0.325899813,0.509004844,0.165095343,manymagpie
26,0.494367177,0.215602642,0.290030182,Attack Helicopter
27,0.427753974,0.209452003,0.362794023,Borys Lang
28,0.147511851,0.678676545,0.173811604,Attack Helicopter
29,0.229243689,0.228349811,0.5424065,manymagpie
30,0.297067415,0.367486387,0.335446198,Attack Helicopter
31,0.296685758,0.368180954,0.335133288,Attack Helicopter
32,0.557903687,0.092242841,0.349853472,manymagpie
33,0.349553638,0.326157628,0.324288734,moonmoth
34,0.466210071,0.330557793,0.203232136,Attack Helicopter
35,0.179200584,0.166105774,0.654693642,Attack Helicopter
36,0.29974771,0.259110994,0.441141296,Attack Helicopter
37,0.168565098,0.149942075,0.681492827,Attack Helicopter
38,0.190771408,0.16796096,0.641267632,Attack Helicopter
39,0.152909498,0.133984274,0.713106228,Attack Helicopter
40,0.152054533,0.713993773,0.133951694,moonmoth
41,0.338788046,0.334405388,0.326806565,Borys Lang
42,0.043547489,0.581790982,0.374661529,manymagpie
43,0.336541724,0.245973232,0.417485044,Borys Lang
44,0.152625301,0.527595302,0.319779397,Attack Helicopter
45,0.359754089,0.393159227,0.247086684,Borys Lang
46,0.366733225,0.362389661,0.270877115,manymagpie
47,0.106144194,0.140811736,0.75304407,Attack Helicopter
48,0.451925468,0.137948143,0.410126389,Borys Lang
49,0.437686042,0.291374487,0.270939472,manymagpie
50,0.3321003,0.243531706,0.424367993,Attack Helicopter
51,0.127435119,0.617762941,0.254801939,Borys Lang
52,0.551383471,0.162422845,0.286193684,manymagpie
53,0.553410599,0.196894952,0.249694449,Attack Helicopter
54,0.182565951,0.69223033,0.125203719,manymagpie
55,0.275803814,0.288766877,0.43542931,Borys Lang
56,0.246043527,0.442368014,0.311588459,manymagpie
57,0.364148441,0.448340954,0.187510604,Borys Lang
58,0.507919231,0.256558279,0.235522491,Borys Lang
59,0.494225924,0.296799432,0.208974644,Borys Lang
60,0.39390641,0.35395229,0.2521413,Attack Helicopter
61,0.585482168,0.177559562,0.236958271,manymagpie
62,0.276972031,0.245445098,0.47758287,Attack Helicopter
63,0.161910686,0.250637376,0.587451937,Borys Lang
64,0.371686649,0.377931262,0.250382089,Attack Helicopter
65,0.495451283,0.12127714,0.383271577,Attack Helicopter
66,0.459599909,0.293305149,0.247094941,moonmoth
67,0.372305304,0.265630791,0.362063905,manymagpie
68,0.396760546,0.278492097,0.324747358,Attack Helicopter
69,0.26047582,0.308279053,0.431245127,Borys Lang
70,0.100369085,0.439624666,0.460006249,Borys Lang
71,0.296379463,0.210038478,0.49358206,Attack Helicopter
aiA,Borys Lang,Attack Helicopter,manymagpie,moonmoth,user
0,0.333333333,0.333333333,0.333333333,Borys Lang
1,1,0,0,Attack Helicopter
2,1,0,0,Borys Lang
3,1,0,0,Attack Helicopter
4,1,0,0,Borys Lang
5,0.310970058,0.689029942,0,manymagpie
6,0.605833508,0.394166492,0,Attack Helicopter
7,0.785798601,0.214201399,0,Borys Lang
8,0.434549601,0.565450399,0,Attack Helicopter
9,0.422619413,0.577380587,0,Borys Lang
10,0.538686367,0.461313633,0,Attack Helicopter
11,0.255292185,0.744707815,0,manymagpie
12,0.670190334,0.329809666,0,manymagpie
13,0.594429316,0.405570684,0,Borys Lang
14,0.275255223,0.724744777,0,manymagpie
15,0.712387933,0.287612067,0,Borys Lang
16,0.40696749,0.59303251,0,manymagpie
17,0.39887992,0.60112008,0,Borys Lang
18,0.531638183,0.468361817,0,Attack Helicopter
19,0.842618928,0.157381072,0,manymagpie
20,0.565750518,0.434249482,0,Attack Helicopter
21,0.399020148,0.600979852,0,Borys Lang
22,0.407874428,0.216340264,0.375785308,moonmoth
23,0.471800828,0.352938779,0.175260393,Attack Helicopter
24,0.366188803,0.467204419,0.166606778,manymagpie
25,0.367028808,0.448117893,0.184853299,manymagpie
26,0.443914714,0.238429821,0.317655465,Attack Helicopter
27,0.363163083,0.160636203,0.476200714,Borys Lang
28,0.14632427,0.670781764,0.182893966,Attack Helicopter
29,0.365040826,0.278048093,0.356911081,manymagpie
30,0.296992606,0.364513729,0.338493666,Attack Helicopter
31,0.296567629,0.363970164,0.339462207,Attack Helicopter
32,0.492178766,0.167491239,0.340329995,manymagpie
33,0.339239513,0.299100733,0.361659753,moonmoth
34,0.534232268,0.239842932,0.2259248,Attack Helicopter
35,0.207425289,0.203519091,0.58905562,Attack Helicopter
36,0.331709497,0.24178143,0.426509073,Attack Helicopter
37,0.169893284,0.166795048,0.663311668,Attack Helicopter
38,0.198622383,0.198341023,0.603036595,Attack Helicopter
39,0.184146417,0.171817646,0.644035938,Attack Helicopter
40,0.150093401,0.701851333,0.148055266,moonmoth
41,0.319901888,0.365401889,0.314696223,Borys Lang
42,0.045620263,0.599052965,0.355326772,manymagpie
43,0.321286309,0.238068619,0.440645071,Borys Lang
44,0.03312877,0.891731302,0.075139927,Attack Helicopter
45,0.37675053,0.397911639,0.22533783,Borys Lang
46,0.439593259,0.361415176,0.198991565,manymagpie
47,0.105444883,0.124385017,0.7701701,Attack Helicopter
48,0.46208133,0.15566068,0.382257989,Borys Lang
49,0.434105904,0.309739764,0.256154332,manymagpie
50,0.306412596,0.23100762,0.462579783,Attack Helicopter
51,0.153944798,0.559450495,0.286604707,Borys Lang
52,0.65923399,0.125844011,0.214921999,manymagpie
53,0.365440956,0.301979437,0.332579607,Attack Helicopter
54,0.23219572,0.604295995,0.163508285,manymagpie
55,0.263177946,0.222269173,0.514552881,Borys Lang
56,0.205141428,0.551052257,0.243806315,manymagpie
57,0.31753917,0.532912705,0.149548125,Borys Lang
58,0.642071192,0.216315531,0.141613276,Borys Lang
59,0.365780903,0.4640635,0.170155597,Borys Lang
60,0.384462442,0.351960026,0.263577532,Attack Helicopter
61,0.695075606,0.126790238,0.178134156,manymagpie
62,0.231930854,0.210994501,0.557074645,Attack Helicopter
63,0.207932192,0.279622618,0.51244519,Borys Lang
64,0.305471069,0.470872586,0.223656345,Attack Helicopter
65,0.189982013,0.081796153,0.728221834,Attack Helicopter
66,0.508385527,0.231393933,0.26022054,moonmoth
67,0.355591891,0.318494926,0.325913183,manymagpie
68,0.387012198,0.295445575,0.317542227,Attack Helicopter
69,0.271397985,0.307590118,0.421011897,Borys Lang
70,0.066530366,0.178062477,0.755407157,Borys Lang
71,0.28895991,0.465918434,0.245121655,Attack Helicopter
aiA,Borys Lang,Attack Helicopter,manymagpie,moonmoth,user
0,0.333333333,0.333333333,0.333333333,Borys Lang
1,1,0,0,Attack Helicopter
2,1,0,0,Borys Lang
3,1,0,0,Attack Helicopter
4,1,0,0,Borys Lang
5,0.293260024,0.706739976,0,manymagpie
6,0.616972413,0.383027587,0,Attack Helicopter
7,0.816602965,0.183397035,0,Borys Lang
8,0.50976107,0.49023893,0,Attack Helicopter
9,0.698749682,0.301250318,0,Borys Lang
10,0.609256682,0.390743318,0,Attack Helicopter
11,0.293821336,0.706178664,0,manymagpie
12,0.676536136,0.323463864,0,manymagpie
13,0.599579098,0.400420902,0,Borys Lang
14,0.274004748,0.725995252,0,manymagpie
15,0.792243337,0.207756663,0,Borys Lang
16,0.249066607,0.750933393,0,manymagpie
17,0.465609666,0.534390334,0,Borys Lang
18,0.581423349,0.418576651,0,Attack Helicopter
19,0.771184129,0.228815871,0,manymagpie
20,0.524852572,0.475147428,0,Attack Helicopter
21,0.377425984,0.622574016,0,Borys Lang
22,0.366006935,0.171744307,0.462248758,moonmoth
23,0.507536651,0.322814687,0.169648662,Attack Helicopter
24,0.383221472,0.432776007,0.184002521,manymagpie
25,0.390690405,0.400005724,0.209303871,manymagpie
26,0.382022941,0.155377348,0.462599711,Attack Helicopter
27,0.349342708,0.114177081,0.536480211,Borys Lang
28,0.225710874,0.506683089,0.267606037,Attack Helicopter
29,0.464727868,0.106250183,0.429021949,manymagpie
30,0.315241552,0.342261361,0.342497086,Attack Helicopter
31,0.314905838,0.341920246,0.343173916,Attack Helicopter
32,0.445800871,0.119771606,0.434427523,manymagpie
33,0.429406026,0.279764108,0.290829866,moonmoth
34,0.353558695,0.508640772,0.137800533,Attack Helicopter
35,0.226483486,0.180309862,0.593206653,Attack Helicopter
36,0.324550301,0.195146572,0.480303127,Attack Helicopter
37,0.104936915,0.0719444,0.823118685,Attack Helicopter
38,0.222113225,0.176281277,0.601605498,Attack Helicopter
39,0.191761939,0.150554984,0.657683077,Attack Helicopter
40,0.157708389,0.714301723,0.127989887,moonmoth
41,0.306884489,0.384129234,0.308986277,Borys Lang
42,0.083481837,0.537226397,0.379291766,manymagpie
43,0.354341942,0.224828402,0.420829656,Borys Lang
44,0.164104755,0.490886246,0.345009,Attack Helicopter
45,0.361640123,0.391282882,0.247076995,Borys Lang
46,0.439135498,0.347766548,0.213097954,manymagpie
47,0.111117247,0.145281973,0.74360078,Attack Helicopter
48,0.455101084,0.148624902,0.396274014,Borys Lang
49,0.453956038,0.274686422,0.27135754,manymagpie
50,0.320738853,0.219047231,0.460213916,Attack Helicopter
51,0.150299637,0.584366149,0.265334214,Borys Lang
52,0.691585084,0.115713494,0.192701422,manymagpie
53,0.308766478,0.230433662,0.46079986,Attack Helicopter
54,0.170682656,0.566351637,0.262965707,manymagpie
55,0.209215726,0.230244304,0.56053997,Borys Lang
56,0.247291774,0.469847501,0.282860726,manymagpie
57,0.346840721,0.409978434,0.243180844,Borys Lang
58,0.451609527,0.355192242,0.193198231,Borys Lang
59,0.303752885,0.500311713,0.195935402,Borys Lang
60,0.418155732,0.326310849,0.255533419,Attack Helicopter
61,0.712283518,0.131908376,0.155808106,manymagpie
62,0.240252918,0.230402344,0.529344738,Attack Helicopter
63,0.191326971,0.242248944,0.566424086,Borys Lang
64,0.327654761,0.375395152,0.296950086,Attack Helicopter
65,0.324393414,0.106914414,0.568692171,Attack Helicopter
66,0.425336955,0.295634397,0.279028647,moonmoth
67,0.384389618,0.280041892,0.33556849,manymagpie
68,0.410641177,0.262997936,0.326360887,Attack Helicopter
69,0.29075254,0.27135275,0.43789471,Borys Lang
70,0.15040815,0.389414872,0.460176978,Borys Lang
71,0.406130912,0.169888941,0.423980148,Attack Helicopter
aiA,Borys Lang,Attack Helicopter,manymagpie,moonmoth,user
0,0.333333333,0.333333333,0.333333333,Borys Lang
1,1,0,0,Attack Helicopter
2,1,0,0,Borys Lang
3,1,0,0,Attack Helicopter
4,1,0,0,Borys Lang
5,0.556702535,0.443297465,0,manymagpie
6,0.633946773,0.366053227,0,Attack Helicopter
7,0.877794184,0.122205816,0,Borys Lang
8,0.3789131,0.6210869,0,Attack Helicopter
9,0.576508985,0.423491015,0,Borys Lang
10,0.603997731,0.396002269,0,Attack Helicopter
11,0.313852994,0.686147006,0,manymagpie
12,0.751496897,0.248503103,0,manymagpie
13,0.596154865,0.403845135,0,Borys Lang
14,0.252379834,0.747620166,0,manymagpie
15,0.714834777,0.285165223,0,Borys Lang
16,0.22804618,0.77195382,0,manymagpie
17,0.494085422,0.505914578,0,Borys Lang
18,0.523392605,0.476607395,0,Attack Helicopter
19,0.81636118,0.18363882,0,manymagpie
20,0.601387641,0.398612359,0,Attack Helicopter
21,0.387453446,0.612546554,0,Borys Lang
22,0.384694581,0.215150439,0.40015498,moonmoth
23,0.472332205,0.316431665,0.21123613,Attack Helicopter
24,0.345080512,0.489566186,0.165353302,manymagpie
25,0.343643075,0.464155209,0.192201716,manymagpie
26,0.453195328,0.175969259,0.370835413,Attack Helicopter
27,0.519659027,0.130910765,0.349430209,Borys Lang
28,0.180582947,0.640137335,0.179279718,Attack Helicopter
29,0.384185011,0.340889306,0.274925683,manymagpie
30,0.306846489,0.37495821,0.318195301,Attack Helicopter
31,0.306781037,0.376515571,0.316703392,Attack Helicopter
32,0.547793316,0.137754791,0.314451892,manymagpie
33,0.401401134,0.291972998,0.306625868,moonmoth
34,0.366517292,0.399934863,0.233547844,Attack Helicopter
35,0.223762942,0.180281898,0.59595516,Attack Helicopter
36,0.292452441,0.207272404,0.500275155,Attack Helicopter
37,0.205105982,0.156645652,0.638248367,Attack Helicopter
38,0.200029619,0.158715102,0.641255279,Attack Helicopter
39,0.186273736,0.147866896,0.665859368,Attack Helicopter
40,0.14188394,0.746635655,0.111480405,moonmoth
41,0.312147761,0.390525157,0.297327082,Borys Lang
42,0.064720585,0.518169628,0.417109786,manymagpie
43,0.350574321,0.236026376,0.413399303,Borys Lang
44,0.129537321,0.55230255,0.31816013,Attack Helicopter
45,0.347620393,0.397978245,0.254401361,Borys Lang
46,0.342234133,0.416641832,0.241124035,manymagpie
47,0.07194389,0.115381712,0.812674398,Attack Helicopter
48,0.37012456,0.185566868,0.444308572,Borys Lang
49,0.412484754,0.291551893,0.295963354,manymagpie
50,0.341436678,0.221219294,0.437344028,Attack Helicopter
51,0.095227856,0.692660848,0.212111296,Borys Lang
52,0.596070412,0.144322674,0.259606914,manymagpie
53,0.416842075,0.197276531,0.385881394,Attack Helicopter
54,0.316883954,0.42833493,0.254781115,manymagpie
55,0.237176751,0.246405073,0.516418176,Borys Lang
56,0.208803357,0.541659691,0.249536951,manymagpie
57,0.276016476,0.560830962,0.163152562,Borys Lang
58,0.750913479,0.123857652,0.125228868,Borys Lang
59,0.325020354,0.51326766,0.161711985,Borys Lang
60,0.375613172,0.377823981,0.246562847,Attack Helicopter
61,0.610411856,0.192143423,0.197444721,manymagpie
62,0.262404108,0.224412145,0.513183746,Attack Helicopter
63,0.170664697,0.202776715,0.626558589,Borys Lang
64,0.39930338,0.329272628,0.271423992,Attack Helicopter
65,0.187570386,0.045655044,0.76677457,Attack Helicopter
66,0.41558448,0.320102316,0.264313204,moonmoth
67,0.304216368,0.228771252,0.46701238,manymagpie
68,0.40463559,0.267161124,0.328203286,Attack Helicopter
69,0.268888168,0.282557017,0.448554814,Borys Lang
70,0.143137236,0.430206405,0.426656359,Borys Lang
71,0.605439368,0.21168373,0.182876903,Attack Helicopter
aiA,Borys Lang,Attack Helicopter,manymagpie,moonmoth,user
0,0.333333333,0.333333333,0.333333333,Borys Lang
1,1,0,0,Attack Helicopter
2,1,0,0,Borys Lang
3,1,0,0,Attack Helicopter
4,1,0,0,Borys Lang
5,0.317213729,0.682786271,0,manymagpie
6,0.644514262,0.355485738,0,Attack Helicopter
7,0.761416132,0.238583868,0,Borys Lang
8,0.212956469,0.787043531,0,Attack Helicopter
9,0.480065282,0.519934718,0,Borys Lang
10,0.569524245,0.430475755,0,Attack Helicopter
11,0.282050831,0.717949169,0,manymagpie
12,0.499984282,0.500015718,0,manymagpie
13,0.574959788,0.425040212,0,Borys Lang
14,0.23791641,0.76208359,0,manymagpie
15,0.741173175,0.258826825,0,Borys Lang
16,0.286813706,0.713186294,0,manymagpie
17,0.395974033,0.604025967,0,Borys Lang
18,0.540114594,0.459885406,0,Attack Helicopter
19,0.762333966,0.237666034,0,manymagpie
20,0.550801165,0.449198835,0,Attack Helicopter
21,0.287974726,0.712025274,0,Borys Lang
22,0.386165378,0.23335032,0.380484303,moonmoth
23,0.515042865,0.269443721,0.215513414,Attack Helicopter
24,0.354663114,0.457722405,0.187614481,manymagpie
25,0.359413488,0.42023598,0.220350532,manymagpie
26,0.236580327,0.159961835,0.603457838,Attack Helicopter
27,0.363538196,0.171655975,0.46480583,Borys Lang
