aiA,Borys Lang,Attack Helicopter,manymagpie,moonmoth,user
0,1.0,0,0,0,Borys Lang
1,0.4967801631764717,0.5032198368235282,0,0,Attack Helicopter
2,0.5105363536380599,0.48946364636194006,0,0,Borys Lang
3,0.49551690337703097,0.504483096622969,0,0,Attack Helicopter
4,0.5047499955097472,0.4952500044902528,0,0,Borys Lang
5,0.3332161979768287,0.33106171717924643,0.33572208484392485,0,manymagpie
6,0.32769405742953933,0.3407481789287455,0.3315577636417152,0,Attack Helicopter
7,0.33657102992679166,0.33653991501074026,0.32688905506246807,0,Borys Lang
8,0.3325379762589537,0.33494506987219586,0.3325169538688505,0,Attack Helicopter
9,0.3383957645344424,0.33279192456144757,0.32881231090410995,0,Borys Lang
10,0.3363709861769818,0.3366851506983292,0.326943863124689,0,Attack Helicopter
11,0.32491276274677444,0.32960763709829816,0.34547960015492735,0,manymagpie
12,0.3318772683184869,0.3309330609642813,0.3371896707172318,0,manymagpie
13,0.5794191429821881,0.20815329319148101,0.21242756382633088,0,Borys Lang
14,0.15811347109247437,0.4191451056899228,0.42274142321760283,0,manymagpie
15,0.3354317625177695,0.33448937874406864,0.33007885873816184,0,Borys Lang
16,0.33022245084287694,0.33381757916705496,0.3359599699900681,0,manymagpie
17,0.33667171236288684,0.33402171848739565,0.3293065691497175,0,Borys Lang
18,0.33581713916249645,0.3394095903559324,0.3247732704815712,0,Attack Helicopter
19,0.3349589676585283,0.3271519916167046,0.33788904072476705,0,manymagpie
20,0.33163224747061876,0.33747912834027016,0.3308886241891111,0,Attack Helicopter
21,0.33601717024334005,0.3289118710979587,0.33507095865870123,0,Borys Lang
22,0.25309260806795125,0.2401311588776704,0.2505917994948115,0.2561844335595669,moonmoth
23,0.25008580104744965,0.2509702515431062,0.24966670988319914,0.249277237526245,Attack Helicopter
24,0.25074411502548144,0.2487828809267796,0.2518507759183348,0.24862222812940413,manymagpie
25,0.2507564927335289,0.2506795761181637,0.2512551627994227,0.24730876834888466,manymagpie
26,0.25152787342355326,0.2529251928761552,0.25114519651839995,0.24440173718189154,Attack Helicopter
27,0.2514651023160723,0.24768555996680108,0.2503733707549939,0.25047596696213276,Borys Lang
28,0.2492149075253198,0.2568527530212764,0.24505949470302557,0.2488728447503782,Attack Helicopter
29,0.25209557456202086,0.23577110348299746,0.2690206641833767,0.24311265777160498,manymagpie
30,0.22665680458942475,0.41120563085460243,0.1188760290763305,0.24326153547964233,Attack Helicopter
31,0.24496790774173438,0.29577438269954076,0.21590870346021385,0.24334900609851104,Attack Helicopter
32,0.26246153577103737,0.21351413011422216,0.26673118243670246,0.257293151678038,manymagpie
33,0.25990651181581464,0.22182877225438064,0.25776199167932895,0.2605027242504757,moonmoth
34,0.25095376701065975,0.2525786986596971,0.24744071458692984,0.2490268197427133,Attack Helicopter
35,0.25235737843548967,0.25510901355171284,0.24324461422025795,0.2492889937925395,Attack Helicopter
36,0.24494986768813304,0.25656778857505685,0.2530309388331353,0.24545140490367476,Attack Helicopter
37,0.2504870566424941,0.25204978433997216,0.2461735856653311,0.25128957335220264,Attack Helicopter
38,0.2505994096299651,0.25263907837872523,0.24540064108693668,0.25136087090437303,Attack Helicopter
39,0.2511287214586557,0.2511787559400788,0.2473348142362083,0.25035770836505716,Attack Helicopter
40,0.24831770014606214,0.24824718521259959,0.2515627982847742,0.2518723163565641,moonmoth
41,0.2694537930196225,0.25422316043821036,0.239145907519034,0.23717713902313312,Borys Lang
42,0.24436455904952545,0.2538683370407911,0.2544486459872462,0.24731845792243726,manymagpie
43,0.7455679581035092,0.1063837593660355,0.14660514377768724,0.001443138752768048,Borys Lang
44,0.03349729867454718,0.3246577324430294,0.3230618851060839,0.3187830837763395,Attack Helicopter
45,0.25791253383434676,0.24459956370191543,0.24860348240927574,0.2488844200544621,Borys Lang
46,0.23637485841165543,0.24398533339638784,0.2631540287476787,0.25648577944427803,manymagpie
47,0.25563238647998426,0.25661112729344865,0.2359512837610518,0.25180520246551524,Attack Helicopter
48,0.2553992133769906,0.24600232811085238,0.24546194285291173,0.2531365156592453,Borys Lang
49,0.24545374248036536,0.2508680087833388,0.261493515170178,0.24218473356611783,manymagpie
50,0.00993607196371982,0.7723743523270741,0.13266394547513324,0.08502563023407286,Attack Helicopter
51,0.3378020143878678,0.005834009701828163,0.3337230723607379,0.32264090354956615,Borys Lang
52,0.3220124100877897,0.004335289313182805,0.3377126117409849,0.3359396888580426,manymagpie
53,0.24544127309432176,0.2529620049084883,0.2519797976170191,0.24961692438017077,Attack Helicopter
54,0.23488226350058805,0.24726183128758297,0.2607169494821998,0.25713895572962914,manymagpie
55,0.2674018132213855,0.2597022479218491,0.22633481387163992,0.2465611249851255,Borys Lang
56,0.23954723764690136,0.2523150036397924,0.2584622804876578,0.24967547822564845,manymagpie
57,0.25705172106069174,0.24925564819720383,0.238511677286314,0.25518095345579045,Borys Lang
58,0.25155676586740655,0.250626571038236,0.24762796045285035,0.2501887026415071,Borys Lang
59,0.2664208137474372,0.24774288377121417,0.2293067890944968,0.2565295133868518,Borys Lang
60,0.24596662157421642,0.2646798990301011,0.23911406050835937,0.25023941888732315,Attack Helicopter
61,0.23496651755499398,0.24516879885207424,0.26239272114953605,0.25747196244339576,manymagpie
62,0.08483353971324588,0.6117996944651055,0.15353396472932834,0.14983280109232025,Attack Helicopter
63,0.3149121048955331,0.07497377447432221,0.2980554092390339,0.31205871139111074,Borys Lang
64,0.24621897781775356,0.255379157087726,0.24807338664711784,0.2503284784474026,Attack Helicopter
65,0.2472551679860049,0.25294625769774787,0.24864854824549185,0.2511500260707554,Attack Helicopter
66,0.2536888362833672,0.2503232777106758,0.2419593096538735,0.2540285763520835,moonmoth
67,0.23261551595616983,0.2567022903918696,0.2717417061208367,0.23894048753112387,manymagpie
68,0.09699767620441843,0.7329382979139356,0.10348420803043552,0.06657981785121046,Attack Helicopter
69,0.33706719419130093,0.010950196839550421,0.32134299390545046,0.3306396150636982,Borys Lang
70,0.3352964705254699,0.07205653117243999,0.26275759090259276,0.32988940739949735,Borys Lang
71,0.2581453983378042,0.2603791016280833,0.22152929229508164,0.2599462077390309,Attack Helicopter
aiA,Borys Lang,Attack Helicopter,manymagpie,moonmoth,user
0,1.0,0,0,0,Borys Lang
1,0.4766672947909181,0.5233327052090819,0,0,Attack Helicopter
2,0.5092837995794038,0.49071620042059616,0,0,Borys Lang
3,0.4975425514015708,0.5024574485984292,0,0,Attack Helicopter
4,0.5225122909646838,0.4774877090353162,0,0,Borys Lang
5,0.3100040047637268,0.33776124784868605,0.35223474738758714,0,manymagpie
6,0.32813782868579255,0.34304664143894137,0.3288155298752661,0,Attack Helicopter
7,0.3400871083692055,0.3338077099229926,0.32610518170780195,0,Borys Lang
8,0.32506995301484964,0.35269166066556856,0.32223838631958174,0,Attack Helicopter
9,0.3545679095002688,0.34559517653522315,0.29983691396450807,0,Borys Lang
10,0.3490603455411571,0.35024486243978126,0.3006947920190617,0,Attack Helicopter
11,0.3244508087109531,0.3255295197554646,0.35001967153358227,0,manymagpie
12,0.3324874556770216,0.3288085561058581,0.33870398821712033,0,manymagpie
13,0.7963068299162459,0.16842334737104478,0.035269822712709335,0,Borys Lang
14,0.04336717964257659,0.4762260504369818,0.4804067699204416,0,manymagpie
15,0.33506320964611847,0.3334484680275448,0.33148832232633674,0,Borys Lang
16,0.33415676846913483,0.32852576855498616,0.337317462975879,0,manymagpie
17,0.34234007921897264,0.32804192717466724,0.3296179936063601,0,Borys Lang
18,0.33218162656158046,0.3372760438471331,0.3305423295912865,0,Attack Helicopter
19,0.32531810029315167,0.3352100259158359,0.3394718737910125,0,manymagpie
20,0.3388708721576699,0.3424688611932565,0.3186602666490736,0,Attack Helicopter
21,0.33997284021391044,0.3353380266691956,0.32468913311689396,0,Borys Lang
22,0.2546521628590742,0.24425132531051227,0.2427089671526041,0.2583875446778094,moonmoth
23,0.24969479595987532,0.2527162809354856,0.2489118781374009,0.24867704496723822,Attack Helicopter
24,0.25171021766439894,0.2505064311134644,0.25572237207209103,0.24206097915004562,manymagpie
25,0.2502333837336836,0.24854400817420766,0.25109202754341126,0.2501305805486975,manymagpie
26,0.2446471460900689,0.25359949979098756,0.2493291157484592,0.25242423837048433,Attack Helicopter
27,0.25732711081155185,0.24114229018422098,0.2531200034896774,0.2484105955145498,Borys Lang
28,0.2564047242495568,0.2590350611955312,0.24620106358485458,0.23835915097005736,Attack Helicopter
29,0.2481726733302027,0.23795950148782435,0.2575001616166056,0.2563676635653673,manymagpie
30,0.24885676302667725,0.4325825409082382,0.1660711588300639,0.15248953723502062,Attack Helicopter
31,0.012209824528042161,0.7015613714087923,0.1275971006765069,0.15863170338665863,Attack Helicopter
32,0.3200145904326826,0.037877527108776364,0.32297183273772223,0.31913604972081877,manymagpie
33,0.3327063060284408,0.004421587203269651,0.32997142432571613,0.33290068244257337,moonmoth
34,0.24818305471679875,0.2524579155951225,0.25164194094646436,0.24771708874161438,Attack Helicopter
35,0.24982618342648155,0.2507067016441187,0.24912307190696048,0.2503440430224393,Attack Helicopter
36,0.24410703215731894,0.2604360886160531,0.2524721278993749,0.24298475132725306,Attack Helicopter
37,0.25013991578903527,0.2509780192938682,0.249380693494037,0.2495013714230595,Attack Helicopter
38,0.25107523955671734,0.253848120465504,0.24521957428416227,0.24985706569361643,Attack Helicopter
39,0.24919814172438323,0.25218881879491856,0.24823910902027221,0.25037393046042605,Attack Helicopter
40,0.25249844252241604,0.2435881390716718,0.24847438146923387,0.25543903693667824,moonmoth
41,0.3224334411351971,0.24541492942359744,0.2438332443451299,0.18831838509607554,Borys Lang
42,0.16050953064258722,0.27178612679450276,0.2841737915429488,0.2835305510199612,manymagpie
43,0.6094684047485316,0.24703843417224636,0.07464813846730078,0.06884502261192126,Borys Lang
44,0.08759130838036852,0.30724266780041787,0.3027753909208351,0.30239063289837853,Attack Helicopter
45,0.25461268355033734,0.2507049903983871,0.24600531746148338,0.24867700858979216,Borys Lang
46,0.24450650421617307,0.24678993188158752,0.2547178439487315,0.25398571995350794,manymagpie
47,0.2468910739230116,0.25804741662131886,0.24546170313101295,0.2495998063246566,Attack Helicopter
48,0.2536825757762704,0.24623244612570033,0.24853666807954095,0.2515483100184883,Borys Lang
49,0.2526771893984067,0.24080345000668357,0.25400795479676225,0.2525114057981474,manymagpie
50,0.24661981290470442,0.26778133688825495,0.23818298185563389,0.24741586835140675,Attack Helicopter
51,0.2551266071347487,0.2361387227325449,0.2541750611622316,0.2545596089704748,Borys Lang
52,0.250057965039959,0.2460064239916024,0.2534181096651127,0.250517501303326,manymagpie
53,0.2508887191064685,0.2512869056464903,0.24822920447017374,0.2495951707768674,Attack Helicopter
54,0.24970821590126474,0.25087123200417505,0.2513709859703008,0.24804956612425944,manymagpie
55,0.25205115852411686,0.24915894023547616,0.2500510458184352,0.24873885542197183,Borys Lang
56,0.24744372315421503,0.2502834234431148,0.2512380018057996,0.25103485159687056,manymagpie
57,0.2516113032661104,0.2504376521344417,0.2496987849220938,0.24825225967735406,Borys Lang
58,0.25026060210759166,0.24953304034360188,0.25024516332900165,0.24996119421980484,Borys Lang
59,0.2538676143058377,0.2516336020095851,0.24786310288356123,0.24663568080101592,Borys Lang
60,0.2484950220825585,0.25136977307581365,0.250076711966881,0.2500584928747468,Attack Helicopter
61,0.2500236473565854,0.25083160807707044,0.2515370481924956,0.2476076963738486,manymagpie
62,0.23342884079520174,0.421996624774749,0.19895367966911987,0.14562085476092942,Attack Helicopter
63,0.2860539977129956,0.15024536610680747,0.28548029436942257,0.2782203418107744,Borys Lang
64,0.250279143007756,0.25244892361959653,0.25007537481903386,0.2471965585536136,Attack Helicopter
65,0.24757705014230783,0.2562867783120891,0.24770128890112522,0.24843488264447783,Attack Helicopter
66,0.2501626236921284,0.24737537816485547,0.25084252892893,0.2516194692140861,moonmoth
67,0.24495212368188324,0.2436992241286387,0.26024397904058555,0.2511046731488925,manymagpie
68,0.2211356146836439,0.5409061279688852,0.04912770579450844,0.18883055155296247,Attack Helicopter
69,0.30535399494782783,0.09986339420411107,0.293066917329032,0.30171569351902905,Borys Lang
70,0.30494605458607044,0.11013586109007065,0.2861259999931294,0.2987920843307295,Borys Lang
71,0.24649681706178117,0.25274616691954266,0.24952102453603853,0.25123599148263764,Attack Helicopter
aiA,Borys Lang,Attack Helicopter,manymagpie,moonmoth,user
0,1.0,0,0,0,Borys Lang
1,0.49943529431140543,0.5005647056885946,0,0,Attack Helicopter
2,0.5177445661976988,0.4822554338023011,0,0,Borys Lang
3,0.48836548749178293,0.5116345125082171,0,0,Attack Helicopter
4,0.5221610882595766,0.47783891174042337,0,0,Borys Lang
5,0.3354033816912312,0.32484599533601727,0.33975062297275155,0,manymagpie
6,0.32716060647902173,0.33981965221201677,0.3330197413089615,0,Attack Helicopter
7,0.3375324876117797,0.32996527445612894,0.3325022379320914,0,Borys Lang
8,0.3298745277001522,0.3357752662281117,0.33435020607173616,0,Attack Helicopter
9,0.3466257495062037,0.32172699319819076,0.33164725729560557,0,Borys Lang
10,0.32239010234580084,0.3395164935877191,0.33809340406648003,0,Attack Helicopter
11,0.3374672033740928,0.32465112610903946,0.33788167051686774,0,manymagpie
12,0.3308727013549731,0.33250700534229644,0.33662029330273047,0,manymagpie
13,0.8677709246147745,0.03381440241969301,0.0984146729655325,0,Borys Lang
14,0.08485067169959862,0.45471084059261213,0.4604384877077892,0,manymagpie
15,0.3342399352829608,0.3318333470896488,0.3339267176273904,0,Borys Lang
16,0.33330064251212155,0.33240782842220495,0.3342915290656735,0,manymagpie
17,0.3349165858431542,0.3330981740922988,0.331985240064547,0,Borys Lang
18,0.3349927485681268,0.3356013319542724,0.32940591947760084,0,Attack Helicopter
19,0.3330824542854975,0.33039077657843435,0.33652676913606816,0,manymagpie
20,0.33203962305512313,0.34527053574875677,0.3226898411961201,0,Attack Helicopter
21,0.3385194796919478,0.32431635209632304,0.3371641682117292,0,Borys Lang
22,0.2533047753731325,0.22135989791177405,0.2536969516141755,0.27163837510091793,moonmoth
23,0.25130802412146547,0.25319015182219107,0.25022481523106666,0.2452770088252768,Attack Helicopter
24,0.2563188389808555,0.2517151828680702,0.2651688408695884,0.22679713728148584,manymagpie
25,0.2501452602098602,0.2518948007383363,0.2527613677008637,0.24519857135093975,manymagpie
26,0.25300918665426436,0.25489142716935814,0.25075212669507957,0.24134725948129795,Attack Helicopter
27,0.2617304766492008,0.2542042904863214,0.24220598312432115,0.24185924974015666,Borys Lang
28,0.2539890544545407,0.2610531777507245,0.249522032336663,0.2354357354580718,Attack Helicopter
29,0.24624300473137528,0.2580614063050367,0.25965642250120125,0.23603916646238673,manymagpie
30,0.05699158719365504,0.6701554623404556,0.0970713417466057,0.1757816087192836,Attack Helicopter
31,0.13300847917180714,0.4818450257388621,0.2665994614029436,0.11854703368638714,Attack Helicopter
32,0.26186815615567677,0.1548779881156104,0.29838614799123925,0.2848677077374736,manymagpie
33,0.2777880521529361,0.15334578243519686,0.27829135990324855,0.29057480550861847,moonmoth
34,0.2541310375029101,0.2601484096789903,0.24041900333848434,0.2453015494796153,Attack Helicopter
35,0.23668930078051667,0.259189915338667,0.24706297438234898,0.2570578094984674,Attack Helicopter
36,0.24284266828928505,0.25492267337156604,0.25023955384842156,0.2519951044907274,Attack Helicopter
37,0.24059359575466327,0.2563065737305934,0.24717151684622282,0.25592831366852054,Attack Helicopter
38,0.23327272273846447,0.25858942172800736,0.25256076064169547,0.25557709489183267,Attack Helicopter
39,0.24766796074542802,0.25655484055575023,0.23987412780581932,0.2559030708930024,Attack Helicopter
40,0.2402328630186761,0.2486168243932036,0.25434205782365144,0.25680825476446884,moonmoth
41,0.3064357029165394,0.2328590353190887,0.2363058768124169,0.22439938495195502,Borys Lang
42,0.17625265166387963,0.27080447479283304,0.2786566718952529,0.2742862016480344,manymagpie
43,0.6231226570760681,0.17181253986389977,0.15165241424115197,0.05341238881888017,Borys Lang
44,0.04496572512729297,0.31946740858622874,0.3165994176626081,0.3189674486238703,Attack Helicopter
45,0.25154126432319374,0.25080533164595825,0.2462354573458383,0.2514179466850097,Borys Lang
46,0.2493188666900176,0.246501950139707,0.2547558613862225,0.2494233217840529,manymagpie
47,0.25196201933083906,0.2552143055322073,0.2421449822207959,0.25067869291615774,Attack Helicopter
48,0.2537895918677883,0.25301647913953285,0.24171786652653784,0.25147606246614096,Borys Lang
49,0.2493999942433236,0.24647196524891352,0.25216975221265675,0.2519582882951062,manymagpie
50,0.16735373377913818,0.4116174884516983,0.20866613312711424,0.21236264464204926,Attack Helicopter
51,0.2968072398159306,0.11537805607353095,0.2942035893236124,0.2936111147869261,Borys Lang
52,0.2784671132824136,0.15273362045349356,0.2851871726220608,0.28361209364203205,manymagpie
53,0.24645629499817512,0.25145786956850236,0.2513205939545163,0.25076524147880624,Attack Helicopter
54,0.24996565462911807,0.24633083505024916,0.2536178282950347,0.25008568202559806,manymagpie
55,0.2526282896855834,0.24745625997072337,0.2498762473107111,0.25003920303298216,Borys Lang
56,0.2530635107220015,0.24418595788479175,0.2542234347908275,0.24852709660237923,manymagpie
57,0.25244308905735496,0.25211863536489276,0.24383502248221986,0.25160325309553244,Borys Lang
58,0.25256745505578077,0.24899283682335202,0.24836497157753223,0.250074736543335,Borys Lang
59,0.253126980192967,0.2524167038964381,0.24300497341265498,0.25145134249793993,Borys Lang
60,0.25329664321438805,0.2533257850454451,0.2420922886456994,0.25128528309446746,Attack Helicopter
61,0.250480139834735,0.25043242899058427,0.2505336894707677,0.24855374170391298,manymagpie
62,0.15906227169490936,0.5703931695472888,0.1550199337130891,0.1155246250447128,Attack Helicopter
63,0.31622270831157234,0.058659036593413004,0.3098757548779171,0.3152425002170976,Borys Lang
64,0.24582693674683453,0.25357938042299166,0.25097271694951706,0.24962096588065674,Attack Helicopter
65,0.24761967416574054,0.25537470294445663,0.24726810275401714,0.24973752013578568,Attack Helicopter
66,0.2524613767006024,0.24449522462332177,0.250120821475683,0.2529225772003928,moonmoth
67,0.25232082540026,0.24359323298287214,0.2538666880527065,0.25021925356416136,manymagpie
68,0.03993920428270342,0.8537832910630191,0.02372776256280414,0.08254974209147337,Attack Helicopter
69,0.33065393588868375,0.012840998648451946,0.32653538934648835,0.32996967611637595,Borys Lang
70,0.3312762160341444,0.011209856696077304,0.3304754529239211,0.3270384743458572,Borys Lang
71,0.2495786380960847,0.2507792599943716,0.24941860898770768,0.250223492921836,Attack Helicopter
aiA,Borys Lang,Attack Helicopter,manymagpie,moonmoth,user
0,1.0,0,0,0,Borys Lang
1,0.49979210199876056,0.5002078980012394,0,0,Attack Helicopter
2,0.5079358928185201,0.4920641071814798,0,0,Borys Lang
3,0.49012405778102247,0.5098759422189776,0,0,Attack Helicopter
4,0.5001806971337756,0.49981930286622445,0,0,Borys Lang
5,0.3332836272579334,0.3318049413827631,0.33491143135930346,0,manymagpie
6,0.33348912064983494,0.3342725999498468,0.33223827940031825,0,Attack Helicopter
7,0.33703657640495904,0.32828068901306046,0.3346827345819805,0,Borys Lang
8,0.33217929414304975,0.3341869195700902,0.33363378628686,0,Attack Helicopter
9,0.3361198310972012,0.3324732072749603,0.3314069616278384,0,Borys Lang
10,0.32735347374221546,0.3435283997259835,0.329118126531801,0,Attack Helicopter
11,0.33202912997735085,0.3244087298027235,0.3435621402199257,0,manymagpie
12,0.31929434520143013,0.33748634822389745,0.3432193065746725,0,manymagpie
13,0.6683833716708297,0.1942863498845692,0.13733027844460105,0,Borys Lang
14,0.07294416790556013,0.4607066468176866,0.4663491852767533,0,manymagpie
15,0.33774577397442723,0.33282260436103356,0.3294316216645392,0,Borys Lang
16,0.32797847063054564,0.33236126057788107,0.3396602687915733,0,manymagpie
17,0.3403581344313537,0.3219606112702271,0.33768125429841916,0,Borys Lang
18,0.3094301737880974,0.3605570262476634,0.3300127999642392,0,Attack Helicopter
19,0.3328107638101826,0.3253501197807017,0.3418391164091157,0,manymagpie
20,0.3138929715002136,0.3498651617382442,0.33624186676154216,0,Attack Helicopter
21,0.33753024620597255,0.3270145361848062,0.33545521760922126,0,Borys Lang
22,0.24707016966776374,0.24701186292502234,0.2512382440984385,0.2546797233087754,moonmoth
23,0.2497333880911162,0.2511160879665282,0.2510746125083097,0.24807591143404592,Attack Helicopter
24,0.24857811557156492,0.2508667229064318,0.2510901823595861,0.24946497916241722,manymagpie
25,0.2524362114839941,0.24887114638383045,0.2552136338944655,0.24347900823770996,manymagpie
26,0.25005176300413406,0.2582142881713121,0.23918284804673673,0.2525511007778172,Attack Helicopter
27,0.25516105073520395,0.24428100749359502,0.2538329286403189,0.24672501313088213,Borys Lang
28,0.25117327054787064,0.2519369704672765,0.2490527595204955,0.2478369994643574,Attack Helicopter
29,0.24681468331711545,0.2498236226485612,0.25332770504210617,0.2500339889922172,manymagpie
30,0.2113131816103094,0.31363870527062404,0.22164258180080834,0.2534055313182582,Attack Helicopter
31,0.08316856646181148,0.5836870529660242,0.1264506500044275,0.20669373056773682,Attack Helicopter
32,0.2922558082786657,0.10338703555942814,0.3022132807327716,0.30214387542913457,manymagpie
33,0.32476425507855944,0.03410282786085612,0.3152011352467522,0.32593178181383226,moonmoth
34,0.24823349466274044,0.2527367203319613,0.2518785383923888,0.2471512466129095,Attack Helicopter
35,0.24596623364587783,0.2538885053363108,0.2516377540391839,0.24850750697862742,Attack Helicopter
36,0.24464840895432385,0.25498681432699355,0.2531560458598853,0.24720873085879727,Attack Helicopter
37,0.25177477864390674,0.25189205250043223,0.2449620098616038,0.25137115899405726,Attack Helicopter
38,0.25345949995910294,0.25549746821395886,0.2377223426899137,0.2533206891370245,Attack Helicopter
39,0.24914631312068727,0.2551163581557456,0.24284507875463324,0.2528922499689339,Attack Helicopter
40,0.2465759040012941,0.2563688632873822,0.24005479092806348,0.25700044178326026,moonmoth
41,0.34295792367544725,0.24375900631026612,0.16278909702745792,0.2504939729868287,Borys Lang
42,0.15160724090523933,0.27860264092590864,0.29940702759857324,0.2703830905702788,manymagpie
43,0.7335096223439115,0.06782722059302053,0.15819078007501894,0.04047237698804902,Borys Lang
44,0.034559744254283695,0.3293677947833549,0.3264675026493615,0.30960495831299994,Attack Helicopter
45,0.25392867748398756,0.2508067130635148,0.24641345663985392,0.2488511528126437,Borys Lang
46,0.25156570284892343,0.2553533317673846,0.25648154864735895,0.23659941673633303,manymagpie
47,0.2522885038080553,0.2529088664080579,0.24413489543770514,0.2506677343461817,Attack Helicopter
48,0.2575185602612304,0.252261378173025,0.23883479086982362,0.2513852706959209,Borys Lang
49,0.2458885621278582,0.2528582065055475,0.25546119112237425,0.24579204024422,manymagpie
50,0.24432266750350148,0.26479452283755883,0.2575529901438267,0.23332981951511297,Attack Helicopter
51,0.2542104611696262,0.2487521959785563,0.25319079890837426,0.2438465439434433,Borys Lang
52,0.2540468809957103,0.25139394139039106,0.25445024696307333,0.24010893065082528,manymagpie
53,0.2524369294831471,0.2524685911096861,0.2518842806073651,0.24321019879980163,Attack Helicopter
54,0.25129452920846457,0.25149296833501517,0.2573636739230969,0.23984882853342332,manymagpie
55,0.25487321584209655,0.2515877681390615,0.24113618668152448,0.2524028293373175,Borys Lang
56,0.2432625606942258,0.25354461317848437,0.2636119229931876,0.23958090313410224,manymagpie
57,0.2543940940457438,0.25256888524840476,0.251235520881326,0.2418014998245254,Borys Lang
58,0.2537214465379548,0.25278584857341047,0.24820891046890356,0.24528379441973114,Borys Lang
59,0.25569837992292355,0.2553661149604155,0.24643041110355404,0.2425050940131069,Borys Lang
60,0.2534678873963766,0.2561631461219912,0.2538087721843265,0.23656019429730563,Attack Helicopter
61,0.25199615488899285,0.2473672172237001,0.253394769764569,0.2472418581227381,manymagpie
62,0.21015147581992355,0.4551334949280139,0.19679293580709142,0.13792209344497114,Attack Helicopter
63,0.2961042038415558,0.11590183807556573,0.2934975776180622,0.29449638046481624,Borys Lang
64,0.2500118640103986,0.2513195565808138,0.2506272046911496,0.24804137471763804,Attack Helicopter
65,0.24874318974236756,0.25332222678083177,0.252126719184828,0.24580786429197268,Attack Helicopter
66,0.24060171301826028,0.2534192583951753,0.2471464647598343,0.2588325638267301,moonmoth
67,0.2573155314578228,0.2508884263889605,0.25846111383907944,0.23333492831413724,manymagpie
68,0.1518857582746246,0.5868011711284145,0.20198144888199807,0.05933162171496284,Attack Helicopter
69,0.3212675692027533,0.06898504546587798,0.2910813090232371,0.31866607630813165,Borys Lang
70,0.307597695897821,0.11386586514203913,0.3072647275383406,0.2712717114217993,Borys Lang
71,0.2476555973131868,0.25903902468315065,0.25006294473075136,0.24324243327291123,Attack Helicopter
aiA,Borys Lang,Attack Helicopter,manymagpie,moonmoth,user
0,1.0,0,0,0,Borys Lang
1,0.4961143305146091,0.5038856694853908,0,0,Attack Helicopter
2,0.5029999873779419,0.49700001262205806,0,0,Borys Lang
3,0.4877668797732709,0.5122331202267292,0,0,Attack Helicopter
4,0.5096715891749798,0.4903284108250202,0,0,Borys Lang
5,0.33650575181850667,0.32678679964200336,0.33670744853949,0,manymagpie
6,0.3329552903880613,0.3343617560285135,0.3326829535834252,0,Attack Helicopter
7,0.3345001708865537,0.3317285429113063,0.33377128620213997,0,Borys Lang
8,0.33352461750110063,0.335236164213132,0.33123921828576736,0,Attack Helicopter
9,0.33608777393044553,0.3354378630245106,0.32847436304504385,0,Borys Lang
10,0.33334948570030953,0.33524752536579366,0.3314029889338968,0,Attack Helicopter
11,0.32773375835293256,0.33299604925257575,0.3392701923944917,0,manymagpie
12,0.3335826036530292,0.3316918282250176,0.33472556812195325,0,manymagpie
13,0.8885779968150276,0.07519683168318929,0.03622517150178318,0,Borys Lang
14,0.004904051090954315,0.49667141274417637,0.4984245361648693,0,manymagpie
15,0.3335673397620451,0.33297578577239983,0.33345687446555505,0,Borys Lang
16,0.3302663234078293,0.33304878940092614,0.33668488719124456,0,manymagpie
17,0.34187811811774604,0.33248950007331834,0.3256323818089356,0,Borys Lang
18,0.3305300061067993,0.3384483492921342,0.33102164460106653,0,Attack Helicopter
19,0.3168268025618155,0.3385392041129916,0.3446339933251929,0,manymagpie
20,0.32388777819499276,0.34052621857779314,0.33558600322721416,0,Attack Helicopter
21,0.34552572268774334,0.33426303007820846,0.3202112472340482,0,Borys Lang
22,0.24410573478777503,0.24143021895129907,0.2476311226058822,0.2668329236550437,moonmoth
23,0.257081285899824,0.25767426543314514,0.24345433700506372,0.24179011166196718,Attack Helicopter
24,0.2448018640430894,0.24869329608046237,0.25448413490000427,0.25202070497644397,manymagpie
25,0.2556513551971457,0.25540559952779773,0.2576773919052497,0.23126565336980692,manymagpie
26,0.24733357271143427,0.25632487268944293,0.24299804540477618,0.2533435091943466,Attack Helicopter
27,0.2560224550944806,0.2520636117804034,0.24955570138811614,0.24235823173699989,Borys Lang
28,0.25292729638133465,0.25458047765401853,0.24376189503886897,0.24873033092577787,Attack Helicopter
29,0.25222240946497776,0.2514237810441027,0.2543424738185408,0.24201133567237873,manymagpie
30,0.015697230522249736,0.8577900160263816,0.11967845926169486,0.006834294189673829,Attack Helicopter
31,0.2190902101522177,0.4256350923544099,0.1705757212546241,0.1846989762387483,Attack Helicopter
32,0.29428522109169125,0.13485975542805018,0.2952138561679317,0.27564116731232685,manymagpie
33,0.2916511704083398,0.12187072886439079,0.29166976152534596,0.2948083392019234,moonmoth
34,0.24689983862599008,0.2528773873447711,0.24955989317457755,0.25066288085466126,Attack Helicopter
35,0.24764888474404204,0.2519488087819361,0.24918039601301586,0.251221910461006,Attack Helicopter
36,0.24460733565257378,0.2560051645332057,0.24863828574168234,0.25074921407253814,Attack Helicopter
37,0.2506574254160686,0.25402359980132,0.2468184585885315,0.2485005161940799,Attack Helicopter
38,0.2497881228456437,0.251109690880272,0.25104097598795433,0.24806121028612996,Attack Helicopter
39,0.24923468273735294,0.25360121713715106,0.24630871530621073,0.25085538481928527,Attack Helicopter
40,0.24932326285048775,0.2510806508135349,0.24783427530334567,0.2517618110326317,moonmoth
41,0.35482251562985007,0.20714467188412813,0.21791587208729457,0.22011694039872723,Borys Lang
42,0.1990704601913696,0.2626299988385769,0.27149848452652525,0.26680105644352825,manymagpie
43,0.9145180922610157,0.053357815148416074,0.014243149225486374,0.017880943365081906,Borys Lang
44,0.017435876649640927,0.3292745257211092,0.32893534413742487,0.324354253491825,Attack Helicopter
45,0.25112980387713857,0.24984770671086926,0.2489390886567803,0.25008340075521185,Borys Lang
46,0.24996608760619032,0.24987925155152566,0.2507516774005596,0.24940298344172446,manymagpie
47,0.247670754414496,0.25233837519280844,0.24934399936179985,0.2506468710308957,Attack Helicopter
48,0.255260664202227,0.2470365606359972,0.24624329559585909,0.25145947956591674,Borys Lang
49,0.2520659393090994,0.24236840696570397,0.25550208360888504,0.2500635701163116,manymagpie
50,0.17719022559253825,0.38493941022245903,0.22443225122056423,0.21343811296443846,Attack Helicopter
51,0.28300846794461737,0.15895751743346284,0.28279486064514836,0.27523915397677146,Borys Lang
52,0.2565386643604164,0.2187585054858676,0.2721141740497183,0.25258865610399767,manymagpie
53,0.25135354696678297,0.253721946027378,0.24843102579328719,0.24649348121255185,Attack Helicopter
54,0.23997270224313244,0.24698105066944653,0.25950246820389195,0.2535437788835291,manymagpie
55,0.25548452375056946,0.25296303071092086,0.24021875659946157,0.2513336889390481,Borys Lang
56,0.2520017776526345,0.24575857338240106,0.2534335372719437,0.24880611169302078,manymagpie
57,0.25917490043977753,0.25154374459763157,0.23846783864263,0.2508135163199609,Borys Lang
58,0.25666397940680924,0.25515709042286994,0.24164083167972028,0.24653809849060054,Borys Lang
59,0.2573109998583788,0.2443471524089395,0.24347871404252752,0.2548631336901542,Borys Lang
60,0.2420417075110133,0.25393512213724106,0.25374795393567456,0.25027521641607103,Attack Helicopter
61,0.24431698886602984,0.24925824956003478,0.25766489532821585,0.24875986624571955,manymagpie
62,0.09550766216596628,0.5153996194902476,0.25142042960710126,0.1376722887366849,Attack Helicopter
63,0.29693606614475887,0.12380707312001178,0.29407452921430005,0.28518233152092926,Borys Lang
64,0.25248304377732106,0.2546452465674029,0.24678781838480102,0.24608389127047506,Attack Helicopter
65,0.25142607765810143,0.25555817046030954,0.24510447179177844,0.24791128008981056,Attack Helicopter
66,0.24397036673297773,0.25565227517713285,0.23840782086703577,0.2619695372228537,moonmoth
67,0.24827958176834802,0.24747611622698007,0.2573927198759143,0.24685158212875763,manymagpie
68,0.18252593932040453,0.6483155028296285,0.1308997434712402,0.038258814378726816,Attack Helicopter
69,0.337677480987407,0.008056619916790452,0.32115786400639734,0.33310803508940523,Borys Lang
70,0.30948540445169753,0.11277140832926344,0.2982149275135651,0.2795282597054739,Borys Lang
71,0.25608058599121986,0.26070920591450547,0.2540039834208069,0.2292062246734678,Attack Helicopter
aiA,Borys Lang,Attack Helicopter,manymagpie,moonmoth,user
0,1.0,0,0,0,Borys Lang
1,0.4875036442765735,0.5124963557234264,0,0,Attack Helicopter
2,0.5095800391044567,0.4904199608955433,0,0,Borys Lang
3,0.4970551560041254,0.5029448439958746,0,0,Attack Helicopter
4,0.5059491909607533,0.49405080903924675,0,0,Borys Lang
5,0.336382092387186,0.32140476318203354,0.3422131444307804,0,manymagpie
6,0.3354345983985426,0.3370185672803398,0.3275468343211176,0,Attack Helicopter
7,0.3360632217782189,0.327944505993925,0.33599227222785616,0,Borys Lang
8,0.3320491674838872,0.33708582019747946,0.33086501231863336,0,Attack Helicopter
9,0.33495002486987385,0.3309056008105938,0.33414437431953237,0,Borys Lang
10,0.33301738373124057,0.33433401754317404,0.33264859872558533,0,Attack Helicopter
11,0.3328198219580203,0.3335472743107463,0.3336329037312334,0,manymagpie
12,0.3336750166866879,0.3324775031927226,0.3338474801205895,0,manymagpie
13,0.3658069750165142,0.3088757405222829,0.32531728446120295,0,Borys Lang
14,0.3122911016593308,0.3423810458872406,0.34532785245342856,0,manymagpie
15,0.3382558874355675,0.32844927448806416,0.33329483807636834,0,Borys Lang
16,0.33053706349064255,0.3342155652209499,0.3352473712884076,0,manymagpie
17,0.3340482648458877,0.3338485393166703,0.332103195837442,0,Borys Lang
18,0.32447369321535197,0.3421266439841369,0.33339966280051114,0,Attack Helicopter
19,0.3368044062612114,0.32561478374441655,0.33758080999437207,0,manymagpie
20,0.3312642059218104,0.3351826579121128,0.3335531361660768,0,Attack Helicopter
21,0.33562622594903346,0.33025399555459567,0.3341197784963708,0,Borys Lang
22,0.25030211598780916,0.2371404217654759,0.24137895976412282,0.2711785024825921,moonmoth
23,0.25612925811301746,0.2564530111585966,0.25596138956030023,0.2314563411680857,Attack Helicopter
24,0.2548783088865595,0.25503484343714244,0.2581045359728243,0.23198231170347375,manymagpie
25,0.25474416997663885,0.2543564619885997,0.25544539097055746,0.23545397706420398,manymagpie
26,0.25854171372672347,0.27404558121196304,0.2527331884788781,0.2146795165824354,Attack Helicopter
27,0.26125720731335733,0.2532243640441896,0.2580599971935884,0.22745843144886474,Borys Lang
28,0.2522839946945649,0.2566917775701395,0.2518108568638722,0.23921337087142336,Attack Helicopter
29,0.25525897668004127,0.256838879386629,0.2582560291476933,0.22964611478563637,manymagpie
30,0.18762351489140075,0.39363844095826006,0.15737964823010547,0.26135839592023374,Attack Helicopter
31,0.15620146746281677,0.3832595754225775,0.15973211789900046,0.3008068392156053,Attack Helicopter
32,0.3072166176644641,0.12040199891441979,0.3072629894754578,0.2651183939456583,manymagpie
33,0.29821826989370875,0.10254328297490271,0.29862062344427326,0.30061782368711526,moonmoth
34,0.25033147938852035,0.2533650864504316,0.24966703309022,0.24663640107082804,Attack Helicopter
35,0.2481520250792926,0.2531884438597507,0.24806914416903444,0.25059038689192226,Attack Helicopter
36,0.2504220464519388,0.25048249769922465,0.25047027009450074,0.24862518575433587,Attack Helicopter
37,0.24810322935428084,0.2519668464738928,0.24843207211760893,0.2514978520542175,Attack Helicopter
38,0.2501246119153777,0.2503536683355852,0.25015008418308415,0.249371635565953,Attack Helicopter
39,0.24625821932195685,0.25441609520707903,0.2471126563682727,0.25221302910269144,Attack Helicopter
40,0.25015064532154163,0.24811512118366183,0.25045073775168764,0.2512834957431089,moonmoth
41,0.2787992744232604,0.24201382924392256,0.23856104659544117,0.24062584973737586,Borys Lang
42,0.22062992410750756,0.25444402077283523,0.26311961051459287,0.2618064446050643,manymagpie
43,0.278940294700574,0.25220759744881266,0.22988972100663468,0.23896238684397864,Borys Lang
44,0.2149323264411177,0.26206822952313913,0.26200771576917825,0.2609917282665649,Attack Helicopter
45,0.25292011409162823,0.25018284726523266,0.25071268072090636,0.24618435792223275,Borys Lang
46,0.25258263739233267,0.24933279890366605,0.25271256947548015,0.2453719942285211,manymagpie
47,0.2443449192771469,0.2570216500048525,0.2430057032879332,0.2556277274300674,Attack Helicopter
48,0.2568751526118981,0.25491306962936416,0.23519411192292491,0.25301766583581287,Borys Lang
49,0.23469422338143175,0.24251851798974725,0.2697357562390446,0.2530515023897764,manymagpie
50,0.035945224987867716,0.6811687177304052,0.16911308088467847,0.11377297639704857,Attack Helicopter
51,0.31679898806902823,0.06115523964561494,0.3146394879784574,0.3074062843068994,Borys Lang
52,0.30713717865879403,0.04500841665705745,0.3245276297963998,0.3233267748877487,manymagpie
53,0.24244760829328071,0.257796201635836,0.24904071003499356,0.2507154800358897,Attack Helicopter
54,0.2497386632608857,0.24729627846306146,0.2525853570790121,0.2503797011970407,manymagpie
55,0.2619197379194311,0.23782574565911574,0.24525550822837555,0.25499900819307764,Borys Lang
56,0.23846009313260477,0.2534543706811332,0.25528971837358394,0.2527958178126781,manymagpie
57,0.2511999633468681,0.2504444866008697,0.25039033040073344,0.24796521965152873,Borys Lang
58,0.2556452026531412,0.24127126286906286,0.24938498600620884,0.253698548471587,Borys Lang
59,0.2510050245843232,0.24967494091426118,0.25095699956176043,0.24836303493965514,Borys Lang
60,0.247990767844474,0.25222419199208046,0.24800019399529538,0.25178484616815017,Attack Helicopter
61,0.2520974039873927,0.24704227978753227,0.2527308423313966,0.24812947389367845,manymagpie
62,0.212357202989698,0.3471207483609323,0.19527615234194245,0.2452458963074272,Attack Helicopter
63,0.27713394283188375,0.1738261850475129,0.2752874916024222,0.2737523805181811,Borys Lang
64,0.24961836702600182,0.25089105018635116,0.24967558206356127,0.24981500072408577,Attack Helicopter
65,0.2510094072296735,0.2563497474787796,0.24344297659928107,0.2491978686922658,Attack Helicopter
66,0.24993578978205727,0.25254997451218203,0.24421804576163947,0.25329618994412123,moonmoth
67,0.25384462734032626,0.2415828791832766,0.2577108864817303,0.2468616069946669,manymagpie
68,0.22410744272102762,0.30803558412393617,0.21453094038709644,0.25332603276793975,Attack Helicopter
69,0.2650280476375819,0.2287955766903369,0.2430552985267856,0.2631210771452956,Borys Lang
70,0.27745618424825835,0.1824477351484207,0.27135133338338735,0.2687447472199336,Borys Lang
71,0.24761702239336975,0.2526129793880129,0.2493853507106702,0.25038464750794714,Attack Helicopter
aiA,Borys Lang,Attack Helicopter,manymagpie,moonmoth,user
0,1.0,0,0,0,Borys Lang
1,0.4932561996551275,0.5067438003448724,0,0,Attack Helicopter
2,0.5041328929721949,0.4958671070278051,0,0,Borys Lang
3,0.49853627792612304,0.501463722073877,0,0,Attack Helicopter
4,0.501195705313182,0.498804294686818,0,0,Borys Lang
5,0.3301890432002317,0.3342734011046378,0.33553755569513055,0,manymagpie
6,0.33496579508087543,0.33553371713453856,0.329500487784586,0,Attack Helicopter
7,0.3384207809646402,0.33662489677513613,0.32495432226022364,0,Borys Lang
8,0.32630320081422676,0.3369425101176847,0.3367542890680885,0,Attack Helicopter
9,0.3409832972965129,0.33088351650102654,0.32813318620246057,0,Borys Lang
10,0.33383342696558266,0.33630671351045405,0.3298598595239633,0,Attack Helicopter
11,0.3313016421818066,0.33080720807986286,0.33789114973833057,0,manymagpie
12,0.32904382527579334,0.33253943496212807,0.3384167397620786,0,manymagpie
13,0.4916182324282589,0.2335488246337972,0.27483294293794386,0,Borys Lang
14,0.18548998827462176,0.4054623459124091,0.40904766581296914,0,manymagpie
15,0.33549509615949147,0.33413049637357206,0.33037440746693647,0,Borys Lang
16,0.3310250611152361,0.33269750718145613,0.33627743170330776,0,manymagpie
17,0.3356484112853078,0.33123394227017683,0.33311764644451536,0,Borys Lang
18,0.32887499013964244,0.3528219002710765,0.31830310958928104,0,Attack Helicopter
19,0.33552086000577686,0.32110950788498743,0.3433696321092357,0,manymagpie
20,0.33128164477737604,0.3417544087223038,0.3269639465003202,0,Attack Helicopter
21,0.3364163241990179,0.32830985287386083,0.33527382292712127,0,Borys Lang
22,0.25153560426217675,0.24005944677119692,0.25370046555949616,0.2547044834071302,moonmoth
23,0.24924344979770016,0.2510320429553232,0.2505947737714021,0.2491297334755745,Attack Helicopter
