aiA,Borys Lang,Attack Helicopter,manymagpie,moonmoth,user,,
0,1,0,0,0,Borys Lang,,
1,0.288293,0.711707,0,0,Attack Helicopter,,
2,0.670026,0.329974,0,0,Borys Lang,,
3,0.234385,0.765615,0,0,Attack Helicopter,,
4,0.710523,0.289477,0,0,Borys Lang,,
5,0.156677,0.384921,0.458402,0,manymagpie,,
6,0.288714,0.535753,0.175533,0,Attack Helicopter,,
7,0.447705,0.397874,0.154421,0,Borys Lang,,
8,0.20727,0.455066,0.337665,0,Attack Helicopter,,
9,0.359073,0.450349,0.190578,0,Borys Lang,,
10,0.268233,0.552654,0.179113,0,Attack Helicopter,,
11,0.152916,0.337533,0.509552,0,manymagpie,,
12,0.310061,0.21984,0.470098,0,manymagpie,,
13,0.668084,0.197335,0.134581,0,Borys Lang,,
14,0.109041,0.27782,0.613138,0,manymagpie,,
15,0.502822,0.363353,0.133825,0,Borys Lang,,
16,0.197631,0.362348,0.440022,0,manymagpie,,
17,0.421408,0.307208,0.271384,0,Borys Lang,,
18,0.151234,0.718305,0.130461,0,Attack Helicopter,,
19,0.39149,0.104734,0.503776,0,manymagpie,,
20,0.236969,0.572822,0.190209,0,Attack Helicopter,,
21,0.407473,0.161044,0.431483,0,Borys Lang,,
22,0.193623,0.111055,0.260631,0.43469,moonmoth,,
23,0.316072,0.354925,0.2007,0.128303,Attack Helicopter,,
24,0.221936,0.402167,0.290448,0.08545,manymagpie,,
25,0.193529,0.333042,0.374591,0.098839,manymagpie,,
26,0.185688,0.409963,0.140778,0.26357,Attack Helicopter,,
27,0.302514,0.141018,0.071114,0.485354,Borys Lang,,
28,0.082123,0.305925,0.517423,0.09453,Attack Helicopter,,
29,0.210336,0.114965,0.329353,0.345346,manymagpie,,
30,0.101425,0.670224,0.119709,0.108643,Attack Helicopter,,
31,0.102526,0.667907,0.119991,0.109576,Attack Helicopter,,
32,0.31593,0.047943,0.345424,0.290703,manymagpie,,
33,0.183424,0.127281,0.169021,0.520275,moonmoth,,
34,0.170732,0.381993,0.347029,0.100246,Attack Helicopter,,
35,0.110814,0.479873,0.103966,0.305347,Attack Helicopter,,
36,0.156092,0.432317,0.188927,0.222664,Attack Helicopter,,
37,0.09535,0.29341,0.093686,0.517554,Attack Helicopter,,
38,0.111544,0.460159,0.103691,0.324606,Attack Helicopter,,
39,0.103179,0.365942,0.094898,0.435981,Attack Helicopter,,
40,0.100082,0.37541,0.096333,0.428175,moonmoth,,
41,0.719364,0.080234,0.12225,0.078153,Borys Lang,,
42,0.062562,0.250954,0.501794,0.18469,manymagpie,,
43,0.534818,0.163656,0.109995,0.191531,Borys Lang,,
44,0.096131,0.407394,0.280843,0.215631,Attack Helicopter,,
45,0.543787,0.157336,0.188255,0.110622,Borys Lang,,
46,0.272745,0.178949,0.439403,0.108903,manymagpie,,
47,0.058199,0.294137,0.073653,0.574011,Attack Helicopter,,
48,0.39271,0.25902,0.128414,0.219856,Borys Lang,,
49,0.22108,0.154827,0.465465,0.158629,manymagpie,,
50,0.156649,0.535795,0.103484,0.204073,Attack Helicopter,,
51,0.316741,0.066251,0.484316,0.132692,Borys Lang,,
52,0.326895,0.07869,0.464569,0.129846,manymagpie,,
53,0.308994,0.345322,0.140776,0.204908,Attack Helicopter,,
54,0.233853,0.317269,0.287109,0.161768,manymagpie,,
55,0.339997,0.159953,0.154907,0.345144,Borys Lang,,
56,0.134192,0.291787,0.429666,0.144355,manymagpie,,
57,0.327783,0.334302,0.204498,0.133416,Borys Lang,,
58,0.27909,0.429456,0.139627,0.151826,Borys Lang,,
59,0.356686,0.303529,0.19754,0.142245,Borys Lang,,
60,0.141952,0.640003,0.11668,0.101366,Attack Helicopter,,
61,0.378204,0.099005,0.401298,0.121493,manymagpie,,
62,0.116573,0.581783,0.099085,0.202559,Attack Helicopter,,
63,0.417967,0.107498,0.172558,0.301977,Borys Lang,,
64,0.216651,0.340587,0.308984,0.133778,Attack Helicopter,,
65,0.2718,0.289511,0.083246,0.355444,Attack Helicopter,,
66,0.291226,0.182177,0.187646,0.338951,moonmoth,,
67,0.199681,0.130007,0.339411,0.330902,manymagpie,,
68,0.177319,0.558231,0.120641,0.143808,Attack Helicopter,,
69,0.421595,0.17246,0.165999,0.239946,Borys Lang,,
70,0.331478,0.078788,0.30592,0.283815,Borys Lang,,
71,0.351047,0.274482,0.205663,0.168808,Attack Helicopter,,
aiA,Borys Lang,Attack Helicopter,manymagpie,moonmoth,user,,
0,1,0,0,0,Borys Lang,,
1,0.286407305,0.713592695,0,0,Attack Helicopter,,
2,0.672709929,0.327290071,0,0,Borys Lang,,
3,0.231997759,0.768002241,0,0,Attack Helicopter,,
4,0.645540856,0.354459144,0,0,Borys Lang,,
5,0.218087371,0.300665729,0.4812469,0,manymagpie,,
6,0.403023125,0.453836107,0.143140768,0,Attack Helicopter,,
7,0.277361106,0.634729211,0.087909684,0,Borys Lang,,
8,0.17578491,0.445819505,0.378395585,0,Attack Helicopter,,
9,0.4601006,0.256863662,0.283035738,0,Borys Lang,,
10,0.275933639,0.543660842,0.180405519,0,Attack Helicopter,,
11,0.150621196,0.338951066,0.510427738,0,manymagpie,,
12,0.360175351,0.206819428,0.433005221,0,manymagpie,,
13,0.688469768,0.181314707,0.130215524,0,Borys Lang,,
14,0.101836692,0.309699744,0.588463564,0,manymagpie,,
15,0.506395857,0.349132409,0.144471734,0,Borys Lang,,
16,0.199024637,0.347117233,0.45385813,0,manymagpie,,
17,0.436093051,0.306908152,0.256998796,0,Borys Lang,,
18,0.153756559,0.71770301,0.128540432,0,Attack Helicopter,,
19,0.500648721,0.082858484,0.416492795,0,manymagpie,,
20,0.242743952,0.566231651,0.191024397,0,Attack Helicopter,,
21,0.476596426,0.242304137,0.281099437,0,Borys Lang,,
22,0.198263863,0.122026848,0.22978471,0.449924579,moonmoth,,
23,0.363399565,0.328800014,0.192008209,0.115792212,Attack Helicopter,,
24,0.2221419,0.352940111,0.329140801,0.095777188,manymagpie,,
25,0.232437218,0.276956441,0.389705951,0.10090039,manymagpie,,
26,0.185224694,0.315436143,0.09685202,0.402487143,Attack Helicopter,,
27,0.4652351,0.20535577,0.09888103,0.230528099,Borys Lang,,
28,0.090929412,0.380896147,0.401418246,0.126756195,Attack Helicopter,,
29,0.119216028,0.136565287,0.336013036,0.408205649,manymagpie,,
30,0.09596696,0.675088801,0.120202118,0.108742121,Attack Helicopter,,
31,0.099179334,0.66389668,0.124564321,0.112359665,Attack Helicopter,,
32,0.146685036,0.075000806,0.512015768,0.26629839,manymagpie,,
33,0.150724134,0.137163763,0.173340744,0.53877136,moonmoth,,
34,0.200342716,0.457188771,0.219486164,0.12298235,Attack Helicopter,,
35,0.098657985,0.48362076,0.10696388,0.310757376,Attack Helicopter,,
36,0.121680211,0.370124093,0.144811569,0.363384127,Attack Helicopter,,
37,0.070701183,0.26825205,0.084642799,0.576403967,Attack Helicopter,,
38,0.100414435,0.485716742,0.107121733,0.306747091,Attack Helicopter,,
39,0.082892096,0.325351609,0.085417178,0.506339116,Attack Helicopter,,
40,0.082663116,0.436612525,0.090625054,0.390099305,moonmoth,,
41,0.730965674,0.079378755,0.114042707,0.075612863,Borys Lang,,
42,0.054827768,0.293336296,0.452297913,0.199538024,manymagpie,,
43,0.544002921,0.154736017,0.107897735,0.193363327,Borys Lang,,
44,0.075125633,0.339454934,0.367132564,0.218286869,Attack Helicopter,,
45,0.532935803,0.158322197,0.197156044,0.111585956,Borys Lang,,
46,0.210395354,0.223117528,0.439635128,0.12685199,manymagpie,,
47,0.060869963,0.316143972,0.089139378,0.533846687,Attack Helicopter,,
48,0.352351804,0.273037019,0.127815973,0.246795204,Borys Lang,,
49,0.229870678,0.147171724,0.472162883,0.150794714,manymagpie,,
50,0.146638279,0.558253314,0.099084677,0.196023729,Attack Helicopter,,
51,0.406012607,0.081741301,0.313251648,0.198994444,Borys Lang,,
52,0.295917829,0.078680866,0.476165461,0.149235845,manymagpie,,
53,0.332796415,0.314803659,0.131078947,0.221320978,Attack Helicopter,,
54,0.172277791,0.466727111,0.227696581,0.133298517,manymagpie,,
55,0.34284435,0.16265816,0.168825835,0.325671655,Borys Lang,,
56,0.125255778,0.297070189,0.410184428,0.167489605,manymagpie,,
57,0.345500531,0.230745546,0.274911156,0.148842766,Borys Lang,,
58,0.295701782,0.306269222,0.23856855,0.159460446,Borys Lang,,
59,0.29909949,0.198549661,0.382154254,0.120196595,Borys Lang,,
60,0.149396763,0.605463558,0.145947138,0.099192541,Attack Helicopter,,
61,0.241002522,0.118820476,0.485651742,0.15452526,manymagpie,,
62,0.119932104,0.561555509,0.102147833,0.216364554,Attack Helicopter,,
63,0.394899643,0.113248971,0.151754416,0.340096971,Borys Lang,,
64,0.264740615,0.344683615,0.215375329,0.175200441,Attack Helicopter,,
65,0.250626839,0.280882332,0.07926224,0.38922859,Attack Helicopter,,
66,0.314961692,0.169462489,0.171114697,0.344461121,moonmoth,,
67,0.202993203,0.135066992,0.376821197,0.285118608,manymagpie,,
68,0.175082892,0.566764495,0.116319055,0.141833557,Attack Helicopter,,
69,0.432948169,0.16448385,0.162270734,0.240297247,Borys Lang,,
70,0.34939479,0.076217209,0.215505233,0.358882768,Borys Lang,,
71,0.225056315,0.367776645,0.143266787,0.263900253,Attack Helicopter,,
aiA,Borys Lang,Attack Helicopter,manymagpie,moonmoth,user,,
0,1,0,0,0,Borys Lang,,
1,0.287526783,0.712473217,0,0,Attack Helicopter,,
2,0.625102031,0.374897969,0,0,Borys Lang,,
3,0.239963971,0.760036029,0,0,Attack Helicopter,,
4,0.690200352,0.309799648,0,0,Borys Lang,,
5,0.265441271,0.195311837,0.539246892,0,manymagpie,,
6,0.280074946,0.573567145,0.146357908,0,Attack Helicopter,,
7,0.38444416,0.514597754,0.100958085,0,Borys Lang,,
8,0.165228337,0.517424132,0.317347531,0,Attack Helicopter,,
9,0.518776316,0.263458352,0.217765332,0,Borys Lang,,
10,0.313717417,0.538761828,0.147520755,0,Attack Helicopter,,
11,0.157832736,0.319862039,0.522305225,0,manymagpie,,
12,0.303413607,0.214363104,0.482223289,0,manymagpie,,
13,0.699951186,0.169699724,0.13034909,0,Borys Lang,,
14,0.102115126,0.26952343,0.628361444,0,manymagpie,,
15,0.535006935,0.326106131,0.138886934,0,Borys Lang,,
16,0.145448239,0.525954201,0.32859756,0,manymagpie,,
17,0.424343783,0.262007147,0.31364907,0,Borys Lang,,
18,0.149378148,0.718049484,0.132572368,0,Attack Helicopter,,
19,0.522442313,0.078456652,0.399101035,0,manymagpie,,
20,0.202711649,0.571478287,0.225810064,0,Attack Helicopter,,
21,0.422887269,0.174531122,0.40258161,0,Borys Lang,,
22,0.21498415,0.112185711,0.214651533,0.458178606,moonmoth,,
23,0.462372809,0.24976844,0.199290953,0.088567798,Attack Helicopter,,
24,0.254816994,0.318380174,0.333186863,0.093615969,manymagpie,,
25,0.219988168,0.282743875,0.396609427,0.10065853,manymagpie,,
26,0.259856397,0.399525558,0.128365278,0.212252767,Attack Helicopter,,
27,0.44451953,0.241091738,0.107966287,0.206422445,Borys Lang,,
28,0.108052647,0.360734525,0.422042065,0.109170763,Attack Helicopter,,
29,0.248598678,0.133637212,0.358643838,0.259120272,manymagpie,,
30,0.101118074,0.677640968,0.114775542,0.106465417,Attack Helicopter,,
31,0.108736567,0.652842662,0.124812922,0.113607848,Attack Helicopter,,
32,0.410175733,0.05557926,0.373252227,0.160992779,manymagpie,,
33,0.16946202,0.154449239,0.148586655,0.527502086,moonmoth,,
34,0.253844962,0.368375975,0.281557099,0.096221965,Attack Helicopter,,
35,0.106533085,0.4501023,0.09779788,0.345566735,Attack Helicopter,,
36,0.194127834,0.397505581,0.17868925,0.229677335,Attack Helicopter,,
37,0.139345749,0.378137714,0.116220754,0.366295783,Attack Helicopter,,
38,0.109744988,0.443857645,0.099946238,0.34645113,Attack Helicopter,,
39,0.085403328,0.315872925,0.075231245,0.523492502,Attack Helicopter,,
40,0.100594068,0.379859858,0.091323602,0.428222472,moonmoth,,
41,0.78850719,0.069722967,0.076824004,0.06494584,Borys Lang,,
42,0.046957562,0.246682241,0.507819875,0.198540322,manymagpie,,
43,0.498169521,0.164173503,0.104147683,0.233509293,Borys Lang,,
44,0.105805243,0.419934181,0.25204473,0.222215846,Attack Helicopter,,
45,0.563757613,0.158554477,0.171594321,0.106093588,Borys Lang,,
46,0.241595966,0.179789895,0.467086663,0.111527476,manymagpie,,
47,0.072479338,0.364675476,0.094495042,0.468350145,Attack Helicopter,,
48,0.378423788,0.265150889,0.101168147,0.255257176,Borys Lang,,
49,0.281213576,0.156200592,0.415366742,0.14721909,manymagpie,,
50,0.148624417,0.513740226,0.106339823,0.231295534,Attack Helicopter,,
51,0.322837451,0.07096351,0.466971355,0.139227683,Borys Lang,,
52,0.279014256,0.086118371,0.495275097,0.139592277,manymagpie,,
53,0.299982464,0.358414824,0.136560487,0.205042225,Attack Helicopter,,
54,0.264899334,0.38965761,0.236167929,0.109275127,manymagpie,,
55,0.280653837,0.143651439,0.136560244,0.43913448,Borys Lang,,
56,0.156908413,0.243179234,0.436532595,0.163379758,manymagpie,,
57,0.371187777,0.262741683,0.230488807,0.135581733,Borys Lang,,
58,0.342068785,0.23031471,0.266580738,0.161035768,Borys Lang,,
59,0.390775499,0.296151831,0.181669819,0.131402851,Borys Lang,,
60,0.146353367,0.615906222,0.142548242,0.09519217,Attack Helicopter,,
61,0.291880489,0.118865002,0.45477851,0.134476,manymagpie,,
62,0.112410872,0.555685417,0.099081078,0.232822632,Attack Helicopter,,
63,0.403265988,0.110897635,0.166594579,0.319241798,Borys Lang,,
64,0.210643839,0.399253558,0.226831466,0.163271137,Attack Helicopter,,
65,0.21573208,0.295591447,0.083516741,0.405159733,Attack Helicopter,,
66,0.205770686,0.222640246,0.168311719,0.403277349,moonmoth,,
67,0.17970212,0.142617345,0.37477835,0.302902185,manymagpie,,
68,0.186681047,0.551681595,0.121393506,0.140243852,Attack Helicopter,,
69,0.427537678,0.180967494,0.170124112,0.221370716,Borys Lang,,
70,0.396672252,0.101101921,0.259015666,0.243210162,Borys Lang,,
71,0.275076009,0.263168447,0.257526789,0.204228756,Attack Helicopter,,
aiA,Borys Lang,Attack Helicopter,manymagpie,moonmoth,user,,
0,1,0,0,0,Borys Lang,,
1,0.261721138,0.738278862,0,0,Attack Helicopter,,
2,0.676800957,0.323199043,0,0,Borys Lang,,
3,0.239214594,0.760785406,0,0,Attack Helicopter,,
4,0.618881994,0.381118006,0,0,Borys Lang,,
5,0.205969968,0.273125079,0.520904953,0,manymagpie,,
6,0.344497574,0.498663024,0.156839402,0,Attack Helicopter,,
7,0.421891093,0.437669881,0.140439026,0,Borys Lang,,
8,0.277993257,0.497332314,0.224674429,0,Attack Helicopter,,
9,0.404555919,0.3399797,0.255464381,0,Borys Lang,,
10,0.281482686,0.542268303,0.176249011,0,Attack Helicopter,,
11,0.149093699,0.350348336,0.500557965,0,manymagpie,,
12,0.429585898,0.180681928,0.389732174,0,manymagpie,,
13,0.677722193,0.189446251,0.132831556,0,Borys Lang,,
14,0.109709324,0.261392699,0.628897977,0,manymagpie,,
15,0.517029875,0.34611638,0.136853745,0,Borys Lang,,
16,0.174461421,0.471091488,0.354447091,0,manymagpie,,
17,0.450638565,0.247018816,0.302342619,0,Borys Lang,,
18,0.140394531,0.742285636,0.117319833,0,Attack Helicopter,,
19,0.365843782,0.087438253,0.546717965,0,manymagpie,,
20,0.218742374,0.601165022,0.180092604,0,Attack Helicopter,,
21,0.469574057,0.162027745,0.368398198,0,Borys Lang,,
22,0.13636415,0.129610648,0.156152537,0.577872664,moonmoth,,
23,0.276230567,0.391480482,0.223354835,0.108934116,Attack Helicopter,,
24,0.240339713,0.326809469,0.35517615,0.077674668,manymagpie,,
25,0.211483691,0.281476899,0.419546936,0.087492474,manymagpie,,
26,0.215180453,0.453685306,0.146463771,0.18467047,Attack Helicopter,,
27,0.416565561,0.316686735,0.096914769,0.169832935,Borys Lang,,
28,0.095425732,0.35884633,0.458455874,0.087272064,Attack Helicopter,,
29,0.333972577,0.118973565,0.367127648,0.179926209,manymagpie,,
30,0.101650213,0.683203843,0.114634997,0.100510947,Attack Helicopter,,
31,0.104839688,0.672860755,0.119307053,0.102992504,Attack Helicopter,,
32,0.294179665,0.052897191,0.385919275,0.267003869,manymagpie,,
33,0.190144144,0.131448616,0.154321587,0.524085653,moonmoth,,
34,0.292552143,0.293729904,0.337457409,0.076260543,Attack Helicopter,,
35,0.113752496,0.491482841,0.099507565,0.295257098,Attack Helicopter,,
36,0.196998875,0.417361959,0.13495018,0.250688985,Attack Helicopter,,
37,0.089726813,0.256766732,0.074621821,0.578884634,Attack Helicopter,,
38,0.112681632,0.467969844,0.097569099,0.321779425,Attack Helicopter,,
39,0.101968308,0.371007215,0.086967695,0.440056781,Attack Helicopter,,
40,0.091410311,0.431158796,0.079048907,0.398381986,moonmoth,,
41,0.817821422,0.059145246,0.06401129,0.059022042,Borys Lang,,
42,0.038054802,0.252746264,0.510368103,0.198830831,manymagpie,,
43,0.53820213,0.159500024,0.1026348,0.199663046,Borys Lang,,
44,0.096419545,0.430761204,0.254811723,0.218007528,Attack Helicopter,,
45,0.568087125,0.154959195,0.16897069,0.10798299,Borys Lang,,
46,0.232506934,0.197469618,0.461822994,0.108200455,manymagpie,,
47,0.048722499,0.248321581,0.064403967,0.638551953,Attack Helicopter,,
48,0.364365417,0.281570452,0.10120529,0.252858841,Borys Lang,,
49,0.210943881,0.163753337,0.478860427,0.146442354,manymagpie,,
50,0.152221671,0.519802916,0.099772977,0.228202437,Attack Helicopter,,
51,0.436706854,0.093628152,0.282944483,0.18672051,Borys Lang,,
52,0.335573119,0.079103672,0.455123326,0.130199883,manymagpie,,
53,0.309785877,0.347861381,0.15488168,0.187471063,Attack Helicopter,,
54,0.203539967,0.313089695,0.303078532,0.180291805,manymagpie,,
55,0.272219545,0.120428833,0.154289685,0.453061937,Borys Lang,,
56,0.133471446,0.327866643,0.396736446,0.141925465,manymagpie,,
57,0.295120389,0.200143501,0.407095062,0.097641049,Borys Lang,,
58,0.129121343,0.720846449,0.089829254,0.060202954,Borys Lang,,
59,0.423195532,0.200592035,0.235001646,0.141210786,Borys Lang,,
60,0.147958921,0.607858093,0.147809651,0.096373335,Attack Helicopter,,
61,0.220363355,0.149475537,0.493380776,0.136780331,manymagpie,,
62,0.110561671,0.541151548,0.09909186,0.249194922,Attack Helicopter,,
63,0.372545854,0.120960128,0.131832599,0.374661419,Borys Lang,,
64,0.244807135,0.36686011,0.235765326,0.152567429,Attack Helicopter,,
65,0.302569065,0.270785525,0.073813188,0.352832222,Attack Helicopter,,
66,0.266076052,0.187509186,0.191853759,0.354561003,moonmoth,,
67,0.165044558,0.136929786,0.367851036,0.33017462,manymagpie,,
68,0.179963859,0.572444655,0.113514107,0.134077379,Attack Helicopter,,
69,0.438443753,0.157828209,0.168317047,0.235410992,Borys Lang,,
70,0.302372528,0.068567227,0.272157753,0.356902492,Borys Lang,,
71,0.268890943,0.244391904,0.151772015,0.334945138,Attack Helicopter,,
aiA,Borys Lang,Attack Helicopter,manymagpie,moonmoth,user,,
0,1,0,0,0,Borys Lang,,
1,0.267743209,0.732256791,0,0,Attack Helicopter,,
2,0.730738583,0.269261417,0,0,Borys Lang,,
3,0.197120851,0.802879149,0,0,Attack Helicopter,,
4,0.791432265,0.208567735,0,0,Borys Lang,,
5,0.173104117,0.288758899,0.538136984,0,manymagpie,,
6,0.27500764,0.55406747,0.170924891,0,Attack Helicopter,,
7,0.243764647,0.686879978,0.069355375,0,Borys Lang,,
8,0.217238313,0.590300795,0.192460892,0,Attack Helicopter,,
9,0.50555172,0.168522505,0.325925775,0,Borys Lang,,
10,0.260231296,0.574508024,0.16526068,0,Attack Helicopter,,
11,0.152310914,0.346614074,0.501075012,0,manymagpie,,
12,0.226046605,0.276277398,0.497675998,0,manymagpie,,
13,0.669767685,0.194813314,0.135419001,0,Borys Lang,,
14,0.111664474,0.283681707,0.604653819,0,manymagpie,,
15,0.49518692,0.367877953,0.136935128,0,Borys Lang,,
16,0.168615,0.452958971,0.378426029,0,manymagpie,,
17,0.432433894,0.268197172,0.299368934,0,Borys Lang,,
18,0.154617181,0.716898852,0.128483967,0,Attack Helicopter,,
19,0.602032443,0.068518951,0.329448606,0,manymagpie,,
20,0.212032837,0.600134069,0.187833094,0,Attack Helicopter,,
21,0.43088628,0.165740319,0.4033734,0,Borys Lang,,
22,0.196225929,0.098426062,0.295254788,0.410093221,moonmoth,,
23,0.301733453,0.356147274,0.207015512,0.135103761,Attack Helicopter,,
24,0.239465972,0.249138814,0.400096074,0.11129914,manymagpie,,
25,0.220146468,0.244622697,0.427305298,0.107925537,manymagpie,,
26,0.197914353,0.392795173,0.113651398,0.295639075,Attack Helicopter,,
27,0.306662655,0.155569183,0.069962587,0.467805575,Borys Lang,,
28,0.111104106,0.399053547,0.370328901,0.119513445,Attack Helicopter,,
29,0.207411021,0.102994325,0.331999251,0.357595402,manymagpie,,
30,0.101759411,0.676031895,0.115472344,0.10673635,Attack Helicopter,,
31,0.104238576,0.667061044,0.11908247,0.109617909,Attack Helicopter,,
32,0.28400927,0.035230773,0.246571873,0.434188084,manymagpie,,
33,0.169244824,0.128609828,0.177087979,0.525057369,moonmoth,,
34,0.239720529,0.376779326,0.293346979,0.090153166,Attack Helicopter,,
35,0.116392532,0.507006817,0.112344854,0.264255797,Attack Helicopter,,
36,0.181367578,0.419904626,0.199785427,0.198942369,Attack Helicopter,,
37,0.115570906,0.356383756,0.114613833,0.413431505,Attack Helicopter,,
38,0.114840021,0.464864129,0.112741673,0.307554178,Attack Helicopter,,
39,0.094187331,0.342298431,0.095706279,0.467807958,Attack Helicopter,,
40,0.113114635,0.31522973,0.109566104,0.462089531,moonmoth,,
41,0.845021022,0.051341298,0.05536485,0.04827283,Borys Lang,,
42,0.02904408,0.280257896,0.476257847,0.214440177,manymagpie,,
43,0.536299474,0.160259813,0.11400659,0.189434122,Borys Lang,,
44,0.083249795,0.345843871,0.342249948,0.228656386,Attack Helicopter,,
45,0.55789866,0.148856874,0.18325391,0.109990557,Borys Lang,,
46,0.277844732,0.167061021,0.446033476,0.10906077,manymagpie,,
47,0.070056428,0.35299598,0.094335781,0.482611811,Attack Helicopter,,
48,0.393925108,0.267719324,0.146546834,0.191808734,Borys Lang,,
49,0.242790895,0.163233773,0.439988695,0.153986637,manymagpie,,
50,0.141543409,0.56840876,0.106540624,0.183507207,Attack Helicopter,,
51,0.281989037,0.05465022,0.548534975,0.114825768,Borys Lang,,
52,0.273943408,0.081090182,0.516575353,0.128391057,manymagpie,,
53,0.350992993,0.362144095,0.121411103,0.165451809,Attack Helicopter,,
54,0.275636582,0.274538556,0.296967175,0.152857686,manymagpie,,
55,0.383790684,0.189666835,0.204250632,0.222291848,Borys Lang,,
56,0.14099593,0.272997528,0.420322275,0.165684268,manymagpie,,
57,0.187821222,0.117435312,0.626278981,0.068464485,Borys Lang,,
58,0.337786692,0.272819253,0.245725218,0.143668838,Borys Lang,,
59,0.094142359,0.056141509,0.815245981,0.034470151,Borys Lang,,
60,0.131278809,0.637553169,0.13386941,0.097298611,Attack Helicopter,,
61,0.3736941,0.093955362,0.401888384,0.130462153,manymagpie,,
62,0.122555999,0.569952745,0.107091286,0.20039997,Attack Helicopter,,
63,0.315961266,0.091703496,0.107800332,0.484534907,Borys Lang,,
64,0.167793438,0.429717522,0.249235143,0.153253897,Attack Helicopter,,
65,0.246377911,0.327247318,0.100494883,0.325879888,Attack Helicopter,,
66,0.259921832,0.175505201,0.203632958,0.360940009,moonmoth,,
67,0.149449911,0.170591714,0.481177551,0.198780823,manymagpie,,
68,0.184923421,0.56316575,0.114463813,0.137447016,Attack Helicopter,,
69,0.441206442,0.166813971,0.154216472,0.237763115,Borys Lang,,
70,0.369030061,0.085905927,0.112928881,0.432135131,Borys Lang,,
71,0.389023043,0.301266328,0.080023462,0.229687167,Attack Helicopter,,
aiA,Borys Lang,Attack Helicopter,manymagpie,moonmoth,user,,
0,1,0,0,0,Borys Lang,,
1,0.256682386,0.743317614,0,0,Attack Helicopter,,
2,0.658159572,0.341840428,0,0,Borys Lang,,
3,0.230986691,0.769013309,0,0,Attack Helicopter,,
4,0.628962761,0.371037239,0,0,Borys Lang,,
5,0.210447515,0.330897691,0.458654794,0,manymagpie,,
6,0.284033275,0.552137207,0.163829518,0,Attack Helicopter,,
7,0.271544,0.64874689,0.079709111,0,Borys Lang,,
8,0.244456988,0.488609532,0.26693348,0,Attack Helicopter,,
9,0.35235221,0.481094533,0.166553257,0,Borys Lang,,
10,0.256079778,0.564896346,0.179023876,0,Attack Helicopter,,
11,0.140143684,0.326731483,0.533124833,0,manymagpie,,
12,0.280703082,0.227959317,0.491337601,0,manymagpie,,
13,0.686234943,0.18077059,0.132994466,0,Borys Lang,,
14,0.102800467,0.29121336,0.605986173,0,manymagpie,,
15,0.521022114,0.339529549,0.139448336,0,Borys Lang,,
16,0.101456285,0.670038127,0.228505588,0,manymagpie,,
17,0.485651279,0.259401134,0.254947587,0,Borys Lang,,
18,0.157005656,0.716248391,0.126745953,0,Attack Helicopter,,
19,0.383143642,0.105608854,0.511247504,0,manymagpie,,
20,0.222421702,0.584907973,0.192670325,0,Attack Helicopter,,
21,0.478862012,0.211699868,0.30943812,0,Borys Lang,,
22,0.183668585,0.116135368,0.254192943,0.446003105,moonmoth,,
23,0.368063831,0.316487228,0.197286533,0.118162408,Attack Helicopter,,
24,0.232241117,0.337960118,0.333198824,0.096599941,manymagpie,,
25,0.200143307,0.274104975,0.415901002,0.109850716,manymagpie,,
26,0.136655533,0.31019695,0.093274577,0.45987294,Attack Helicopter,,
27,0.410910356,0.214002345,0.092840318,0.282246981,Borys Lang,,
28,0.117874232,0.426942306,0.32871372,0.126469743,Attack Helicopter,,
29,0.12457298,0.061134253,0.227342193,0.586950574,manymagpie,,
30,0.100792747,0.674351545,0.112757887,0.112097821,Attack Helicopter,,
31,0.103154429,0.670854801,0.113093722,0.112897049,Attack Helicopter,,
32,0.274270564,0.047753492,0.346340047,0.331635898,manymagpie,,
33,0.196686157,0.120294265,0.170181721,0.512837857,moonmoth,,
34,0.300103686,0.400479073,0.186296002,0.113121239,Attack Helicopter,,
35,0.114611013,0.50252598,0.106205946,0.276657061,Attack Helicopter,,
36,0.170998308,0.391618805,0.173656872,0.263726015,Attack Helicopter,,
37,0.128012194,0.37782967,0.108403336,0.3857548,Attack Helicopter,,
38,0.116217161,0.493436912,0.105754607,0.28459132,Attack Helicopter,,
39,0.110410211,0.396518693,0.0980986,0.394972495,Attack Helicopter,,
40,0.09725725,0.386203364,0.086418429,0.430120957,moonmoth,,
41,0.803544869,0.063469199,0.073217941,0.059767991,Borys Lang,,
42,0.037903964,0.299856606,0.473282725,0.188956706,manymagpie,,
43,0.529324219,0.156487765,0.107392853,0.206795163,Borys Lang,,
44,0.084340716,0.366988165,0.358296945,0.190374174,Attack Helicopter,,
45,0.548452909,0.153047405,0.195976788,0.102522899,Borys Lang,,
46,0.275877121,0.180656974,0.441458476,0.102007429,manymagpie,,
47,0.08645567,0.44615605,0.116507092,0.350881188,Attack Helicopter,,
48,0.345125014,0.293132862,0.104280662,0.257461463,Borys Lang,,
49,0.227796456,0.148485167,0.466571577,0.1571468,manymagpie,,
50,0.154176227,0.548389114,0.100128028,0.197306631,Attack Helicopter,,
51,0.424023455,0.080644294,0.348757532,0.146574719,Borys Lang,,
52,0.271301465,0.081305206,0.514781588,0.132611741,manymagpie,,
53,0.227449215,0.404716998,0.166710247,0.20112354,Attack Helicopter,,
54,0.183343731,0.330282548,0.309427412,0.176946308,manymagpie,,
55,0.295878601,0.123870382,0.140065126,0.440185891,Borys Lang,,
56,0.122642081,0.388464857,0.353476445,0.135416617,manymagpie,,
57,0.286828026,0.33173795,0.284756376,0.096677648,Borys Lang,,
58,0.323885213,0.301881271,0.220713084,0.153520432,Borys Lang,,
59,0.310026078,0.211330185,0.387659258,0.090984479,Borys Lang,,
60,0.152040169,0.625248082,0.130481848,0.092229901,Attack Helicopter,,
61,0.414142899,0.096460602,0.384286009,0.105110489,manymagpie,,
62,0.109599194,0.588756917,0.097936891,0.203706998,Attack Helicopter,,
63,0.38967908,0.102101612,0.143868225,0.364351083,Borys Lang,,
64,0.22013819,0.383882106,0.261392884,0.13458682,Attack Helicopter,,
65,0.218208015,0.228859097,0.058868113,0.494064775,Attack Helicopter,,
66,0.312383209,0.165436013,0.180518903,0.341661875,moonmoth,,
67,0.179314865,0.12688256,0.366955627,0.326846948,manymagpie,,
68,0.173376145,0.57932884,0.112089959,0.135205056,Attack Helicopter,,
69,0.44482962,0.16761518,0.15545379,0.23210141,Borys Lang,,
70,0.303213515,0.064403191,0.295426183,0.33695711,Borys Lang,,
71,0.311435325,0.251175431,0.221247001,0.216142243,Attack Helicopter,,
aiA,Borys Lang,Attack Helicopter,manymagpie,moonmoth,user,,
0,1,0,0,0,Borys Lang,,
1,0.270211676,0.729788324,0,0,Attack Helicopter,,
2,0.688603203,0.311396797,0,0,Borys Lang,,
3,0.212000713,0.787999287,0,0,Attack Helicopter,,
4,0.674427986,0.325572014,0,0,Borys Lang,,
5,0.251725988,0.251931653,0.496342359,0,manymagpie,,
6,0.352283942,0.494172484,0.153543574,0,Attack Helicopter,,
7,0.408357821,0.479970713,0.111671466,0,Borys Lang,,
8,0.204698821,0.554405375,0.240895805,0,Attack Helicopter,,
9,0.553233508,0.259123842,0.18764265,0,Borys Lang,,
10,0.242422138,0.576433297,0.181144566,0,Attack Helicopter,,
11,0.135961582,0.354870914,0.509167504,0,manymagpie,,
12,0.212292888,0.259049575,0.528657537,0,manymagpie,,
13,0.691139476,0.17726258,0.131597944,0,Borys Lang,,
14,0.101357602,0.309359082,0.589283316,0,manymagpie,,
15,0.514720546,0.340882634,0.144396819,0,Borys Lang,,
16,0.176525432,0.398392132,0.425082436,0,manymagpie,,
17,0.403835521,0.330023506,0.266140973,0,Borys Lang,,
18,0.12990228,0.755364515,0.114733205,0,Attack Helicopter,,
19,0.460311049,0.071683676,0.468005275,0,manymagpie,,
20,0.2350913,0.582306194,0.182602507,0,Attack Helicopter,,
21,0.426320948,0.124341637,0.449337414,0,Borys Lang,,
22,0.162266448,0.131945836,0.223660806,0.48212691,moonmoth,,
23,0.206534737,0.410448598,0.228742309,0.154274357,Attack Helicopter,,
24,0.196057104,0.343220061,0.353283938,0.107438897,manymagpie,,
25,0.159156788,0.318570746,0.415050691,0.107221775,manymagpie,,
26,0.139263303,0.357042853,0.107904431,0.395789413,Attack Helicopter,,
27,0.455213522,0.194756363,0.106684535,0.24334558,Borys Lang,,
28,0.11202907,0.446456554,0.299264723,0.142249653,Attack Helicopter,,
29,0.132565879,0.118246894,0.404397616,0.344789611,manymagpie,,
30,0.104667646,0.674490568,0.108436461,0.112405325,Attack Helicopter,,
31,0.104706762,0.669821492,0.111163783,0.114307962,Attack Helicopter,,
32,0.192230708,0.060535731,0.433585384,0.313648177,manymagpie,,
33,0.185506536,0.133634619,0.1540663,0.526792545,moonmoth,,
34,0.133876365,0.345412971,0.431495496,0.089215168,Attack Helicopter,,
35,0.110916406,0.488710057,0.101286474,0.299087063,Attack Helicopter,,
36,0.192999265,0.43633514,0.139633646,0.231031949,Attack Helicopter,,
37,0.101600727,0.30353441,0.08885867,0.506006193,Attack Helicopter,,
38,0.109064441,0.463917828,0.100403244,0.326614488,Attack Helicopter,,
39,0.086397685,0.299865591,0.074989047,0.538747677,Attack Helicopter,,
40,0.085773513,0.491480702,0.076470077,0.346275708,moonmoth,,
41,0.832002155,0.055344065,0.059218902,0.053434878,Borys Lang,,
42,0.034354587,0.243423735,0.517198668,0.205023011,manymagpie,,
43,0.558666004,0.152602146,0.103974177,0.184757673,Borys Lang,,
44,0.08783266,0.401220919,0.222573767,0.288372654,Attack Helicopter,,
45,0.567310468,0.142093901,0.180912755,0.109682876,Borys Lang,,
46,0.1895804,0.211808927,0.467734059,0.130876613,manymagpie,,
47,0.038498715,0.211537239,0.056203841,0.693760205,Attack Helicopter,,
48,0.373604423,0.230412224,0.138630558,0.257352795,Borys Lang,,
49,0.245496864,0.151557155,0.434305413,0.168640568,manymagpie,,
50,0.152722956,0.525241517,0.107918539,0.214116989,Attack Helicopter,,
51,0.42453428,0.093050567,0.30043041,0.181984743,Borys Lang,,
52,0.264838992,0.087806747,0.491080011,0.15627425,manymagpie,,
53,0.317043493,0.353339827,0.134903002,0.194713677,Attack Helicopter,,
54,0.203873938,0.196253752,0.363669052,0.236203258,manymagpie,,
55,0.328440071,0.132913315,0.176748786,0.361897829,Borys Lang,,
56,0.147759952,0.215166682,0.446126975,0.19094639,manymagpie,,
57,0.361709365,0.330859232,0.166844506,0.140586897,Borys Lang,,
58,0.237893611,0.507351726,0.118765125,0.135989537,Borys Lang,,
59,0.350805896,0.340060305,0.177624448,0.131509351,Borys Lang,,
60,0.151529079,0.614048375,0.134921524,0.099501022,Attack Helicopter,,
61,0.248251634,0.128498123,0.472808258,0.150441985,manymagpie,,
62,0.117926401,0.561645058,0.101118625,0.219309916,Attack Helicopter,,
63,0.280377272,0.086335584,0.099844544,0.5334426,Borys Lang,,
64,0.205267601,0.369615868,0.257284917,0.167831615,Attack Helicopter,,
65,0.272199159,0.283407289,0.076777234,0.367616319,Attack Helicopter,,
66,0.323117002,0.166874435,0.169145264,0.3408633,moonmoth,,
67,0.180440122,0.154519151,0.461791581,0.203249146,manymagpie,,
68,0.182427729,0.564801038,0.111498238,0.141272995,Attack Helicopter,,
69,0.43434331,0.164871085,0.149236555,0.25154905,Borys Lang,,
70,0.347785691,0.079446204,0.118948111,0.453819994,Borys Lang,,
71,0.196554358,0.265626142,0.129297075,0.408522426,Attack Helicopter,,
aiA,Borys Lang,Attack Helicopter,manymagpie,moonmoth,user,,
0,1,0,0,0,Borys Lang,,
1,0.286580244,0.713419756,0,0,Attack Helicopter,,
2,0.645138764,0.354861236,0,0,Borys Lang,,
3,0.230514394,0.769485606,0,0,Attack Helicopter,,
4,0.680247108,0.319752892,0,0,Borys Lang,,
5,0.209631855,0.358371408,0.431996738,0,manymagpie,,
6,0.339842627,0.50154744,0.158609933,0,Attack Helicopter,,
7,0.32028005,0.579716571,0.100003378,0,Borys Lang,,
8,0.23123721,0.491897017,0.276865773,0,Attack Helicopter,,
9,0.421761698,0.31947546,0.258762842,0,Borys Lang,,
10,0.267397298,0.547092258,0.185510444,0,Attack Helicopter,,
11,0.143691092,0.368682531,0.487626377,0,manymagpie,,
12,0.494223866,0.169759948,0.336016187,0,manymagpie,,
13,0.690835347,0.177661378,0.131503275,0,Borys Lang,,
14,0.100784598,0.310402686,0.588812716,0,manymagpie,,
15,0.499205241,0.357024185,0.143770574,0,Borys Lang,,
16,0.189480794,0.418669608,0.391849598,0,manymagpie,,
17,0.48336371,0.263858233,0.252778057,0,Borys Lang,,
18,0.143819334,0.726531366,0.129649301,0,Attack Helicopter,,
19,0.569825799,0.069752532,0.360421669,0,manymagpie,,
20,0.212921469,0.577306502,0.209772029,0,Attack Helicopter,,
21,0.41846403,0.187708925,0.393827045,0,Borys Lang,,
22,0.167943945,0.116373071,0.183223206,0.532459778,moonmoth,,
23,0.524167436,0.233209748,0.177974821,0.064647996,Attack Helicopter,,
24,0.278523686,0.372759236,0.282124884,0.066592194,manymagpie,,
25,0.236309695,0.272101848,0.406769639,0.084818817,manymagpie,,
26,0.297859264,0.427108426,0.150659346,0.124372964,Attack Helicopter,,
27,0.476398383,0.207033276,0.106665956,0.209902385,Borys Lang,,
28,0.101587409,0.384969687,0.413039567,0.100403338,Attack Helicopter,,
29,0.226717575,0.172205781,0.472107566,0.128969078,manymagpie,,
30,0.100598305,0.67296631,0.12573657,0.100698815,Attack Helicopter,,
31,0.101125995,0.67215171,0.12362882,0.103093475,Attack Helicopter,,
32,0.243507651,0.077704868,0.540947464,0.137840017,manymagpie,,
33,0.170016808,0.130002666,0.169750624,0.530229902,moonmoth,,
34,0.494373395,0.301460215,0.123132356,0.081034034,Attack Helicopter,,
35,0.108708193,0.490698574,0.10445352,0.296139713,Attack Helicopter,,
36,0.144147388,0.366114853,0.158201893,0.331535867,Attack Helicopter,,
37,0.09725646,0.30259652,0.101630201,0.498516819,Attack Helicopter,,
38,0.109579379,0.460329986,0.10198637,0.328104265,Attack Helicopter,,
39,0.085773235,0.331173177,0.090004441,0.493049147,Attack Helicopter,,
40,0.085111583,0.446305777,0.085898171,0.38268447,moonmoth,,
41,0.704055571,0.08341006,0.136227142,0.076307228,Borys Lang,,
42,0.076217499,0.201746107,0.55184262,0.170193775,manymagpie,,
43,0.545855221,0.153004165,0.101133224,0.20000739,Borys Lang,,
44,0.101512896,0.434284407,0.204833148,0.259369549,Attack Helicopter,,
45,0.569777647,0.148344573,0.176917849,0.104959931,Borys Lang,,
46,0.182473195,0.213191408,0.474454322,0.129881075,manymagpie,,
47,0.037091528,0.203678957,0.056484653,0.702744861,Attack Helicopter,,
48,0.322444395,0.285953564,0.111286937,0.280315104,Borys Lang,,
49,0.246997317,0.156027997,0.442064171,0.154910515,manymagpie,,
50,0.145751838,0.557390628,0.101226276,0.195631258,Attack Helicopter,,
51,0.368108246,0.074031994,0.37571698,0.182142781,Borys Lang,,
52,0.272124674,0.079412867,0.505234957,0.143227502,manymagpie,,
53,0.283717193,0.391360232,0.135019466,0.189903108,Attack Helicopter,,
54,0.32478535,0.174058586,0.311015254,0.19014081,manymagpie,,
55,0.324818346,0.149809082,0.147302685,0.378069887,Borys Lang,,
56,0.141817967,0.267712359,0.421667584,0.168802091,manymagpie,,
57,0.336133498,0.143489155,0.394003812,0.126373535,Borys Lang,,
58,0.267685893,0.429184743,0.181027272,0.122102092,Borys Lang,,
59,0.348847104,0.280823965,0.254057524,0.116271406,Borys Lang,,
60,0.13638002,0.615076063,0.150948607,0.09759531,Attack Helicopter,,
61,0.315847179,0.112674506,0.429710869,0.141767445,manymagpie,,
62,0.11554387,0.564228506,0.104161868,0.216065756,Attack Helicopter,,
63,0.324773649,0.097560469,0.125847531,0.451818351,Borys Lang,,
64,0.198421494,0.341224731,0.308869769,0.151484006,Attack Helicopter,,
65,0.308559325,0.221859295,0.064529719,0.405051661,Attack Helicopter,,
66,0.24335145,0.171441728,0.208091634,0.377115187,moonmoth,,
67,0.175835511,0.140979395,0.438803559,0.244381535,manymagpie,,
68,0.202863584,0.541130093,0.110896724,0.145109599,Attack Helicopter,,
69,0.421927934,0.174511639,0.146731104,0.256829324,Borys Lang,,
70,0.344988964,0.089920502,0.172842074,0.392248461,Borys Lang,,
71,0.430056785,0.277236959,0.108229479,0.184476777,Attack Helicopter,,
aiA,Borys Lang,Attack Helicopter,manymagpie,moonmoth,user,,
0,1,0,0,0,Borys Lang,,
1,0.301874804,0.698125196,0,0,Attack Helicopter,,
2,0.617683385,0.382316615,0,0,Borys Lang,,
3,0.247119666,0.752880334,0,0,Attack Helicopter,,
4,0.715541023,0.284458977,0,0,Borys Lang,,
5,0.227763015,0.262107986,0.510129,0,manymagpie,,
6,0.258077184,0.551823309,0.190099507,0,Attack Helicopter,,
7,0.366236089,0.503941435,0.129822476,0,Borys Lang,,
8,0.193917027,0.4433139,0.362769073,0,Attack Helicopter,,
9,0.348429959,0.408792984,0.242777057,0,Borys Lang,,
10,0.281665639,0.527529813,0.190804548,0,Attack Helicopter,,
11,0.153000499,0.342895685,0.504103815,0,manymagpie,,
12,0.251635785,0.244196229,0.504167986,0,manymagpie,,
13,0.684938012,0.1809505,0.134111489,0,Borys Lang,,
14,0.102318744,0.307919852,0.589761404,0,manymagpie,,
15,0.507151959,0.347463382,0.145384659,0,Borys Lang,,
16,0.155074016,0.498795166,0.346130818,0,manymagpie,,
17,0.39333193,0.278219873,0.328448197,0,Borys Lang,,
18,0.116672105,0.770702044,0.112625851,0,Attack Helicopter,,
19,0.40672269,0.08260867,0.51066864,0,manymagpie,,
20,0.218667577,0.577827684,0.203504739,0,Attack Helicopter,,
21,0.449017934,0.177298983,0.373683083,0,Borys Lang,,
22,0.191853005,0.121722474,0.192336471,0.49408805,moonmoth,,
23,0.374086718,0.327077733,0.182998698,0.115836851,Attack Helicopter,,
24,0.282338215,0.305667825,0.324456211,0.08753775,manymagpie,,
25,0.22785577,0.262843961,0.411623578,0.09767669,manymagpie,,
26,0.334937151,0.368196614,0.125199761,0.171666473,Attack Helicopter,,
27,0.419482718,0.263120322,0.098840269,0.218556692,Borys Lang,,
28,0.107482257,0.367545612,0.422762682,0.102209449,Attack Helicopter,,
29,0.252533045,0.145756733,0.381269159,0.220441063,manymagpie,,
30,0.104205912,0.665642181,0.122027446,0.108124461,Attack Helicopter,,
31,0.101753873,0.672993464,0.119783143,0.10546952,Attack Helicopter,,
32,0.648192097,0.028269831,0.203586978,0.119951094,manymagpie,,
33,0.17979012,0.127459847,0.169531483,0.52321855,moonmoth,,
34,0.298604414,0.312607347,0.304773304,0.084014935,Attack Helicopter,,
35,0.107944153,0.482903983,0.103948923,0.30520294,Attack Helicopter,,
36,0.15087928,0.3922271,0.143515369,0.313378252,Attack Helicopter,,
37,0.093219868,0.299237235,0.089368837,0.518174059,Attack Helicopter,,
38,0.106866844,0.440121719,0.102433433,0.350578004,Attack Helicopter,,
39,0.073508818,0.252701407,0.069914247,0.603875528,Attack Helicopter,,
40,0.091828497,0.441973814,0.088453029,0.37774466,moonmoth,,
41,0.774511738,0.073263546,0.082570308,0.069654408,Borys Lang,,
42,0.047439368,0.261133196,0.503167724,0.188259712,manymagpie,,
43,0.567279187,0.146196276,0.104894465,0.181630072,Borys Lang,,
44,0.083159678,0.412936541,0.287416143,0.216487638,Attack Helicopter,,
45,0.542420586,0.169001622,0.177222102,0.11135569,Borys Lang,,
46,0.229047864,0.210551736,0.440668606,0.119731794,manymagpie,,
47,0.05346782,0.272791571,0.075522921,0.598217687,Attack Helicopter,,
48,0.347405059,0.25501676,0.12364632,0.273931861,Borys Lang,,
49,0.216787342,0.170773723,0.44816446,0.164274475,manymagpie,,
50,0.15515201,0.52137871,0.106549168,0.216920112,Attack Helicopter,,
51,0.370301985,0.082378785,0.362964487,0.184354744,Borys Lang,,
52,0.311800415,0.081040302,0.469552025,0.137607258,manymagpie,,
53,0.287170527,0.334268491,0.121774097,0.256786885,Attack Helicopter,,
54,0.149976205,0.492234107,0.225031555,0.132758133,manymagpie,,
55,0.319664904,0.174066566,0.149709534,0.356558996,Borys Lang,,
56,0.130334017,0.350946098,0.357324685,0.161395201,manymagpie,,
57,0.321742739,0.202817621,0.362140506,0.113299134,Borys Lang,,
58,0.302560003,0.205152936,0.369607348,0.122679714,Borys Lang,,
59,0.349736084,0.250778945,0.258140153,0.141344818,Borys Lang,,
60,0.15099662,0.622969489,0.125826146,0.100207745,Attack Helicopter,,
61,0.374721532,0.106846888,0.396382853,0.122048727,manymagpie,,
62,0.119208233,0.562443973,0.100016238,0.218331556,Attack Helicopter,,
63,0.449159741,0.125923688,0.155900064,0.269016506,Borys Lang,,
64,0.153937495,0.400292221,0.261541843,0.184228442,Attack Helicopter,,
65,0.14533011,0.272952441,0.080153462,0.501563987,Attack Helicopter,,
66,0.220797772,0.199197439,0.209777574,0.370227215,moonmoth,,
67,0.144260767,0.136965065,0.351272214,0.367501954,manymagpie,,
68,0.169896649,0.564149532,0.121322649,0.14463117,Attack Helicopter,,
69,0.419661568,0.166832438,0.168015116,0.245490878,Borys Lang,,
70,0.366545123,0.086737164,0.227016475,0.319701237,Borys Lang,,
71,0.313867417,0.261202399,0.189993885,0.234936299,Attack Helicopter,,
